Arecibo Legacy Fast ALFA Survey
http://egg.astro.cornell.edu/alfalfa/
ASCII Table format
 
Telescope:      Arecibo Radio Telescope
Instrument:     Arecibo Radio Telescope
Beam size:      3.5x3.8 [arcminutes]
Object:         AGC 2466
RA:             45.160775  (J2000) decimal degrees
DEC:            35.633424  (J2000) decimal degrees
Rest Frequency: 1.4204058e+09 [Hz]
Bandwidth:      24.975586 [MHz]
Channels:       1024
AGC#-ID:        2466
Other name:     M+607030
Detection Code:    1
Data archive at http://egg.astro.cornell.edu/alfalfa/data
Data from ALFALFA 100%
File generated by M.P. Haynes  Thu Aug 24 17:36:54 2017
This spectrum has been baseline subtracted.
Table FORMAT:  (f8.1,1x,f12.6,1x,f10.4,1x,f10.4)
 
Column descriptions:
 1. Heliocentric velocity [km/s]
 2. Radio frequency [MHz]
 3. Flux Density [mJy]
 4. Subtracted polynomial baseline fit
 
###################################################################
 
  7956.8  1383.681637     0.8799     1.2698
  7951.3  1383.706051     3.1850     1.2499
  7945.9  1383.730465     4.3725     1.2301
  7940.5  1383.754879     2.9518     1.2104
  7935.0  1383.779293    -0.0294     1.1909
  7929.6  1383.803707    -0.1685     1.1716
  7924.2  1383.828122     2.2210     1.1524
  7918.7  1383.852536     1.6092     1.1334
  7913.3  1383.876950    -0.0427     1.1145
  7907.9  1383.901364    -0.1509     1.0957
  7902.5  1383.925778    -1.6472     1.0771
  7897.0  1383.950192    -2.4537     1.0587
  7891.6  1383.974606    -2.9958     1.0404
  7886.2  1383.999020    -2.5814     1.0223
  7880.8  1384.023434    -0.8616     1.0043
  7875.3  1384.047848    -2.8697     0.9864
  7869.9  1384.072262    -4.3060     0.9687
  7864.5  1384.096676    -0.9638     0.9512
  7859.0  1384.121090     2.3658     0.9338
  7853.6  1384.145504     3.4121     0.9165
  7848.2  1384.169918     2.8077     0.8994
  7842.8  1384.194332     1.7477     0.8824
  7837.3  1384.218747     0.3540     0.8656
  7831.9  1384.243161    -0.0939     0.8489
  7826.5  1384.267575     0.6821     0.8323
  7821.1  1384.291989     0.4434     0.8159
  7815.6  1384.316403    -1.6670     0.7996
  7810.2  1384.340817    -2.4432     0.7835
  7804.8  1384.365231    -1.2662     0.7675
  7799.4  1384.389645     0.1489     0.7517
  7793.9  1384.414059     3.2439     0.7359
  7788.5  1384.438473     4.3878     0.7203
  7783.1  1384.462887     3.0702     0.7049
  7777.7  1384.487301     0.9508     0.6896
  7772.2  1384.511715    -1.0195     0.6744
  7766.8  1384.536129     0.8333     0.6594
  7761.4  1384.560543     1.8404     0.6444
  7756.0  1384.584957     0.3760     0.6297
  7750.6  1384.609372     0.9415     0.6150
  7745.1  1384.633786     1.5439     0.6005
  7739.7  1384.658200     2.1587     0.5861
  7734.3  1384.682614     2.9902     0.5718
  7728.9  1384.707028     1.2788     0.5577
  7723.4  1384.731442     0.5455     0.5437
  7718.0  1384.755856     1.4175     0.5298
  7712.6  1384.780270    -0.2889     0.5161
  7707.2  1384.804684    -1.5350     0.5025
  7701.8  1384.829098    -0.4419     0.4890
  7696.3  1384.853512     2.2369     0.4756
  7690.9  1384.877926     2.7513     0.4624
  7685.5  1384.902340    -0.1708     0.4493
  7680.1  1384.926754    -1.1109     0.4363
  7674.7  1384.951168     0.2619     0.4234
  7669.2  1384.975582    -0.1091     0.4106
  7663.8  1384.999997    -1.3647     0.3980
  7658.4  1385.024411     0.1644     0.3855
  7653.0  1385.048825     2.0330     0.3731
  7647.6  1385.073239     0.7120     0.3609
  7642.1  1385.097653    -0.2204     0.3487
  7636.7  1385.122067     1.4238     0.3367
  7631.3  1385.146481    -0.8357     0.3248
  7625.9  1385.170895    -5.0417     0.3130
  7620.5  1385.195309    -3.5118     0.3013
  7615.0  1385.219723    -2.0125     0.2897
  7609.6  1385.244137    -3.1953     0.2783
  7604.2  1385.268551    -2.2013     0.2670
  7598.8  1385.292965    -0.1172     0.2558
  7593.4  1385.317379     0.6938     0.2447
  7588.0  1385.341793     0.1813     0.2337
  7582.5  1385.366207     0.6833     0.2228
  7577.1  1385.390622     1.8591     0.2120
  7571.7  1385.415036     0.7680     0.2014
  7566.3  1385.439450    -1.4164     0.1908
  7560.9  1385.463864    -3.0709     0.1804
  7555.5  1385.488278    -2.5966     0.1701
  7550.0  1385.512692     0.3566     0.1599
  7544.6  1385.537106    -0.6942     0.1498
  7539.2  1385.561520    -4.4958     0.1398
  7533.8  1385.585934    -3.7502     0.1299
  7528.4  1385.610348    -3.8980     0.1201
  7523.0  1385.634762    -4.6713     0.1104
  7517.6  1385.659176    -1.9207     0.1009
  7512.1  1385.683590    -2.1170     0.0914
  7506.7  1385.708004    -3.3763     0.0820
  7501.3  1385.732418    -1.9190     0.0728
  7495.9  1385.756832    -1.9190     0.0636
  7490.5  1385.781247    -2.0201     0.0546
  7485.1  1385.805661    -1.9121     0.0456
  7479.7  1385.830075    -4.0794     0.0368
  7474.2  1385.854489    -4.4126     0.0280
  7468.8  1385.878903    -0.3520     0.0194
  7463.4  1385.903317     1.2138     0.0108
  7458.0  1385.927731    -1.8812     0.0024
  7452.6  1385.952145    -2.5613    -0.0060
  7447.2  1385.976559    -1.1566    -0.0142
  7441.8  1386.000973     1.4488    -0.0224
  7436.4  1386.025387     2.6832    -0.0304
  7430.9  1386.049801     1.5567    -0.0384
  7425.5  1386.074215     0.8070    -0.0463
  7420.1  1386.098629    -0.4587    -0.0540
  7414.7  1386.123043     0.5413    -0.0617
  7409.3  1386.147457     1.4638    -0.0693
  7403.9  1386.171872    -1.3575    -0.0768
  7398.5  1386.196286    -1.6429    -0.0842
  7393.1  1386.220700     0.8898    -0.0915
  7387.7  1386.245114    -0.5288    -0.0987
  7382.2  1386.269528    -2.8054    -0.1058
  7376.8  1386.293942    -2.2277    -0.1128
  7371.4  1386.318356    -0.4224    -0.1198
  7366.0  1386.342770     0.2871    -0.1266
  7360.6  1386.367184    -1.7726    -0.1334
  7355.2  1386.391598    -2.0908    -0.1401
  7349.8  1386.416012     0.6960    -0.1466
  7344.4  1386.440426     2.3827    -0.1531
  7339.0  1386.464840     1.8212    -0.1595
  7333.6  1386.489254    -0.3639    -0.1659
  7328.2  1386.513668    -2.0249    -0.1721
  7322.8  1386.538082    -2.8541    -0.1782
  7317.3  1386.562497    -2.2707    -0.1843
  7311.9  1386.586911     0.2354    -0.1903
  7306.5  1386.611325     0.4684    -0.1962
  7301.1  1386.635739    -0.1731    -0.2020
  7295.7  1386.660153     0.3519    -0.2077
  7290.3  1386.684567    -0.6802    -0.2134
  7284.9  1386.708981    -1.0708    -0.2190
  7279.5  1386.733395     1.8468    -0.2244
  7274.1  1386.757809     3.4247    -0.2298
  7268.7  1386.782223     3.1488    -0.2352
  7263.3  1386.806637     4.8685    -0.2404
  7257.9  1386.831051     4.6824    -0.2456
  7252.5  1386.855465     2.7923    -0.2507
  7247.1  1386.879879     0.6442    -0.2557
  7241.7  1386.904293    -1.3681    -0.2606
  7236.3  1386.928707    -0.1392    -0.2655
  7230.8  1386.953122     2.6273    -0.2702
  7225.4  1386.977536     4.8231    -0.2749
  7220.0  1387.001950     2.8468    -0.2796
  7214.6  1387.026364    -0.6724    -0.2841
  7209.2  1387.050778     0.4251    -0.2886
  7203.8  1387.075192     3.1650    -0.2930
  7198.4  1387.099606     3.5620    -0.2973
  7193.0  1387.124020     1.3562    -0.3016
  7187.6  1387.148434    -1.3940    -0.3058
  7182.2  1387.172848    -2.5419    -0.3099
  7176.8  1387.197262    -3.4261    -0.3139
  7171.4  1387.221676    -3.7804    -0.3179
  7166.0  1387.246090    -1.8964    -0.3218
  7160.6  1387.270504    -0.6862    -0.3256
  7155.2  1387.294918     0.2158    -0.3294
  7149.8  1387.319332     1.6931    -0.3331
  7144.4  1387.343747     1.8599    -0.3367
  7139.0  1387.368161     1.5955    -0.3403
  7133.6  1387.392575     0.2257    -0.3437
  7128.2  1387.416989     1.1272    -0.3472
  7122.8  1387.441403     2.9237    -0.3505
  7117.4  1387.465817    -0.5857    -0.3538
  7112.0  1387.490231    -3.4488    -0.3570
  7106.6  1387.514645    -2.4636    -0.3602
  7101.2  1387.539059    -1.3825    -0.3633
  7095.8  1387.563473     0.6867    -0.3663
  7090.4  1387.587887     2.7239    -0.3693
  7085.0  1387.612301     4.4945    -0.3722
  7079.6  1387.636715     4.5837    -0.3750
  7074.2  1387.661129     2.6343    -0.3778
  7068.8  1387.685543     1.2671    -0.3805
  7063.4  1387.709957     0.5226    -0.3831
  7058.0  1387.734372    -0.6848    -0.3857
  7052.6  1387.758786    -1.1948    -0.3883
  7047.2  1387.783200    -0.4797    -0.3907
  7041.8  1387.807614     0.2632    -0.3931
  7036.4  1387.832028     1.5650    -0.3955
  7031.0  1387.856442     2.7177    -0.3978
  7025.6  1387.880856     3.8995    -0.4000
  7020.2  1387.905270     3.6841    -0.4022
  7014.8  1387.929684     0.9694    -0.4043
  7009.4  1387.954098    -0.1534    -0.4064
  7004.0  1387.978512    -0.8093    -0.4084
  6998.6  1388.002926    -2.3973    -0.4103
  6993.2  1388.027340    -2.5206    -0.4122
  6987.8  1388.051754     0.6539    -0.4141
  6982.4  1388.076168     1.9471    -0.4159
  6977.1  1388.100582    -0.8912    -0.4176
  6971.7  1388.124997    -2.1906    -0.4193
  6966.3  1388.149411    -2.1462    -0.4209
  6960.9  1388.173825    -2.4195    -0.4225
  6955.5  1388.198239    -1.3661    -0.4240
  6950.1  1388.222653     0.2275    -0.4255
  6944.7  1388.247067     0.6899    -0.4269
  6939.3  1388.271481    -0.0446    -0.4282
  6933.9  1388.295895    -0.9056    -0.4296
  6928.5  1388.320309    -1.0886    -0.4308
  6923.1  1388.344723    -0.6211    -0.4320
  6917.7  1388.369137    -0.0939    -0.4332
  6912.3  1388.393551    -1.9970    -0.4343
  6906.9  1388.417965    -1.9413    -0.4354
  6901.5  1388.442379     2.5001    -0.4364
  6896.1  1388.466793     3.6449    -0.4374
  6890.7  1388.491207     1.4583    -0.4383
  6885.4  1388.515622     0.2444    -0.4392
  6880.0  1388.540036    -1.5986    -0.4400
  6874.6  1388.564450    -4.0601    -0.4408
  6869.2  1388.588864    -3.7064    -0.4416
  6863.8  1388.613278    -1.7805    -0.4423
  6858.4  1388.637692    -1.5134    -0.4429
  6853.0  1388.662106    -1.9803    -0.4435
  6847.6  1388.686520    -0.8434    -0.4441
  6842.2  1388.710934    -0.2288    -0.4446
  6836.8  1388.735348    -1.8421    -0.4451
  6831.4  1388.759762    -1.3722    -0.4455
  6826.1  1388.784176     0.3640    -0.4459
  6820.7  1388.808590    -0.0180    -0.4463
  6815.3  1388.833004    -0.1427    -0.4466
  6809.9  1388.857418     0.6646    -0.4469
  6804.5  1388.881832    -0.9707    -0.4471
  6799.1  1388.906247    -4.1885    -0.4473
  6793.7  1388.930661    -4.2843    -0.4474
  6788.3  1388.955075     0.6916    -0.4475
  6782.9  1388.979489     4.6827    -0.4476
  6777.5  1389.003903     3.8464    -0.4476
  6772.2  1389.028317     1.6965    -0.4476
  6766.8  1389.052731     1.4166    -0.4476
  6761.4  1389.077145     0.8296    -0.4475
  6756.0  1389.101559    -0.5957    -0.4474
  6750.6  1389.125973     1.4207    -0.4472
  6745.2  1389.150387     2.3760    -0.4471
  6739.8  1389.174801    -0.1726    -0.4468
  6734.4  1389.199215    -1.0948    -0.4466
  6729.1  1389.223629    -0.8193    -0.4463
  6723.7  1389.248043     0.5020    -0.4459
  6718.3  1389.272457     2.4736    -0.4456
  6712.9  1389.296872     2.1537    -0.4452
  6707.5  1389.321286     1.3511    -0.4448
  6702.1  1389.345700    -0.3379    -0.4443
  6696.7  1389.370114    -2.4615    -0.4438
  6691.4  1389.394528    -1.6770    -0.4433
  6686.0  1389.418942     0.8841    -0.4427
  6680.6  1389.443356     1.8659    -0.4421
  6675.2  1389.467770     0.9208    -0.4415
  6669.8  1389.492184     1.1042    -0.4408
  6664.4  1389.516598     1.2591    -0.4401
  6659.0  1389.541012     1.8729    -0.4394
  6653.7  1389.565426     2.8526    -0.4387
  6648.3  1389.589840     2.2804    -0.4379
  6642.9  1389.614254     2.8026    -0.4371
  6637.5  1389.638668     2.0409    -0.4363
  6632.1  1389.663082    -0.5343    -0.4354
  6626.7  1389.687497    -2.5336    -0.4345
  6621.4  1389.711911    -3.9700    -0.4336
  6616.0  1389.736325    -3.0440    -0.4327
  6610.6  1389.760739    -0.4901    -0.4317
  6605.2  1389.785153    -0.2260    -0.4307
  6599.8  1389.809567    -0.4869    -0.4297
  6594.4  1389.833981     0.0120    -0.4286
  6589.1  1389.858395    -0.9420    -0.4276
  6583.7  1389.882809    -2.4848    -0.4265
  6578.3  1389.907223    -3.1968    -0.4253
  6572.9  1389.931637    -1.9117    -0.4242
  6567.5  1389.956051     0.2533    -0.4230
  6562.2  1389.980465     2.0416    -0.4218
  6556.8  1390.004879     2.7054    -0.4206
  6551.4  1390.029293     1.7616    -0.4193
  6546.0  1390.053707     0.4959    -0.4181
  6540.6  1390.078122     0.1302    -0.4168
  6535.3  1390.102536     0.8211    -0.4155
  6529.9  1390.126950     0.6578    -0.4142
  6524.5  1390.151364     0.5734    -0.4128
  6519.1  1390.175778     0.5502    -0.4114
  6513.7  1390.200192    -2.4804    -0.4100
  6508.4  1390.224606    -3.0009    -0.4086
  6503.0  1390.249020     1.1964    -0.4072
  6497.6  1390.273434     2.0256    -0.4057
  6492.2  1390.297848     0.3530    -0.4043
  6486.8  1390.322262     0.9142    -0.4028
  6481.5  1390.346676     2.2302    -0.4012
  6476.1  1390.371090     3.0887    -0.3997
  6470.7  1390.395504     2.1837    -0.3982
  6465.3  1390.419918     1.3458    -0.3966
  6460.0  1390.444332     2.1750    -0.3950
  6454.6  1390.468747     1.5509    -0.3934
  6449.2  1390.493161    -0.3909    -0.3918
  6443.8  1390.517575    -1.0423    -0.3902
  6438.4  1390.541989     0.0967    -0.3885
  6433.1  1390.566403    -0.7618    -0.3868
  6427.7  1390.590817    -1.5292    -0.3852
  6422.3  1390.615231     1.0013    -0.3835
  6416.9  1390.639645     0.1062    -0.3818
  6411.6  1390.664059    -2.7634    -0.3800
  6406.2  1390.688473    -2.4586    -0.3783
  6400.8  1390.712887    -1.5337    -0.3765
  6395.4  1390.737301    -0.2987    -0.3748
  6390.1  1390.761715     0.3986    -0.3730
  6384.7  1390.786129    -1.8533    -0.3712
  6379.3  1390.810543    -2.8100    -0.3694
  6373.9  1390.834957    -0.6375    -0.3675
  6368.6  1390.859372     0.3383    -0.3657
  6363.2  1390.883786     0.3800    -0.3639
  6357.8  1390.908200     2.7093    -0.3620
  6352.4  1390.932614     2.7455    -0.3601
  6347.1  1390.957028    -1.1761    -0.3583
  6341.7  1390.981442    -3.0926    -0.3564
  6336.3  1391.005856    -0.2202    -0.3545
  6331.0  1391.030270     3.5134    -0.3526
  6325.6  1391.054684     2.7123    -0.3506
  6320.2  1391.079098    -0.6533    -0.3487
  6314.8  1391.103512     0.8764    -0.3468
  6309.5  1391.127926     3.6966    -0.3448
  6304.1  1391.152340     1.9006    -0.3428
  6298.7  1391.176754     1.2178    -0.3409
  6293.4  1391.201168     1.8904    -0.3389
  6288.0  1391.225582     0.1478    -0.3369
  6282.6  1391.249997     1.1307    -0.3349
  6277.2  1391.274411     2.8710    -0.3329
  6271.9  1391.298825     1.3608    -0.3309
  6266.5  1391.323239     0.1137    -0.3289
  6261.1  1391.347653    -0.2771    -0.3269
  6255.8  1391.372067     0.1031    -0.3249
  6250.4  1391.396481     0.7740    -0.3228
  6245.0  1391.420895     1.5255    -0.3208
  6239.6  1391.445309     0.9471    -0.3187
  6234.3  1391.469723    -0.3240    -0.3167
  6228.9  1391.494137     1.8360    -0.3146
  6223.5  1391.518551     1.8124    -0.3126
  6218.2  1391.542965    -2.1903    -0.3105
  6212.8  1391.567379    -4.0240    -0.3084
  6207.4  1391.591793    -2.1409    -0.3064
  6202.1  1391.616207     0.8510    -0.3043
  6196.7  1391.640622     0.7728    -0.3022
  6191.3  1391.665036    -1.8429    -0.3001
  6186.0  1391.689450    -1.3877    -0.2980
  6180.6  1391.713864     1.1102    -0.2959
  6175.2  1391.738278     1.2404    -0.2938
  6169.9  1391.762692    -0.7041    -0.2917
  6164.5  1391.787106    -1.2377    -0.2896
  6159.1  1391.811520    -2.5744    -0.2875
  6153.8  1391.835934    -3.7884    -0.2854
  6148.4  1391.860348    -0.6962    -0.2833
  6143.0  1391.884762     2.4557    -0.2812
  6137.7  1391.909176     2.6882    -0.2791
  6132.3  1391.933590     1.7760    -0.2770
  6126.9  1391.958004     0.6370    -0.2749
  6121.6  1391.982418    -0.6257    -0.2728
  6116.2  1392.006832     0.0761    -0.2707
  6110.8  1392.031247     2.0725    -0.2686
  6105.5  1392.055661     0.5139    -0.2665
  6100.1  1392.080075    -2.3664    -0.2644
  6094.7  1392.104489    -1.6594    -0.2623
  6089.4  1392.128903     0.1591    -0.2602
  6084.0  1392.153317     0.2342    -0.2581
  6078.6  1392.177731     2.0384    -0.2560
  6073.3  1392.202145     4.1930    -0.2539
  6067.9  1392.226559     2.5286    -0.2518
  6062.6  1392.250973     0.1271    -0.2497
  6057.2  1392.275387     1.7493    -0.2476
  6051.8  1392.299801     5.2224    -0.2455
  6046.5  1392.324215     5.3634    -0.2434
  6041.1  1392.348629     4.5488    -0.2413
  6035.7  1392.373043     4.3226    -0.2392
  6030.4  1392.397457     0.4819    -0.2371
  6025.0  1392.421872    -2.8159    -0.2351
  6019.7  1392.446286    -1.3693    -0.2330
  6014.3  1392.470700    -0.6393    -0.2309
  6008.9  1392.495114    -2.2528    -0.2289
  6003.6  1392.519528    -1.6954    -0.2268
  5998.2  1392.543942     1.4285    -0.2248
  5992.8  1392.568356     2.8579    -0.2227
  5987.5  1392.592770     1.7754    -0.2207
  5982.1  1392.617184     1.7636    -0.2186
  5976.8  1392.641598     3.1028    -0.2166
  5971.4  1392.666012     1.6597    -0.2146
  5966.0  1392.690426    -1.4384    -0.2125
  5960.7  1392.714840    -2.0025    -0.2105
  5955.3  1392.739254    -2.8984    -0.2085
  5950.0  1392.763668    -4.5433    -0.2065
  5944.6  1392.788082    -3.2732    -0.2045
  5939.2  1392.812497    -1.9369    -0.2025
  5933.9  1392.836911    -2.7562    -0.2005
  5928.5  1392.861325    -2.8001    -0.1986
  5923.2  1392.885739    -2.9258    -0.1966
  5917.8  1392.910153    -4.1237    -0.1946
  5912.5  1392.934567    -3.3524    -0.1927
  5907.1  1392.958981    -3.2333    -0.1907
  5901.7  1392.983395    -4.4634    -0.1888
  5896.4  1393.007809    -2.7617    -0.1869
  5891.0  1393.032223     0.9138    -0.1849
  5885.7  1393.056637     1.7515    -0.1830
  5880.3  1393.081051    -1.9457    -0.1811
  5874.9  1393.105465    -3.4633    -0.1792
  5869.6  1393.129879    -2.8979    -0.1773
  5864.2  1393.154293    -4.3106    -0.1755
  5858.9  1393.178707    -1.8381    -0.1736
  5853.5  1393.203122     1.9052    -0.1717
  5848.2  1393.227536     0.8452    -0.1699
  5842.8  1393.251950    -0.9875    -0.1680
  5837.5  1393.276364     0.0788    -0.1662
  5832.1  1393.300778     2.2103    -0.1644
  5826.7  1393.325192     2.3763    -0.1626
  5821.4  1393.349606     0.5274    -0.1608
  5816.0  1393.374020    -0.7589    -0.1590
  5810.7  1393.398434    -1.6252    -0.1572
  5805.3  1393.422848    -2.8541    -0.1555
  5800.0  1393.447262    -3.2150    -0.1537
  5794.6  1393.471676    -2.5178    -0.1520
  5789.3  1393.496090    -0.9799    -0.1502
  5783.9  1393.520504     0.6493    -0.1485
  5778.6  1393.544918    -0.6373    -0.1468
  5773.2  1393.569332    -4.2851    -0.1451
  5767.9  1393.593747    -5.4321    -0.1434
  5762.5  1393.618161    -2.4778    -0.1417
  5757.1  1393.642575     1.3122    -0.1401
  5751.8  1393.666989     4.4436    -0.1384
  5746.4  1393.691403     5.2678    -0.1368
  5741.1  1393.715817     2.4166    -0.1352
  5735.7  1393.740231    -0.2895    -0.1335
  5730.4  1393.764645    -1.1847    -0.1319
  5725.0  1393.789059    -1.9066    -0.1304
  5719.7  1393.813473    -1.6358    -0.1288
  5714.3  1393.837887    -0.9248    -0.1272
  5709.0  1393.862301     0.5524    -0.1257
  5703.6  1393.886715     3.1075    -0.1242
  5698.3  1393.911129     3.6692    -0.1226
  5692.9  1393.935543     2.8672    -0.1211
  5687.6  1393.959957     2.8564    -0.1196
  5682.2  1393.984372     0.9260    -0.1182
  5676.9  1394.008786     0.4158    -0.1167
  5671.5  1394.033200     0.7644    -0.1152
  5666.2  1394.057614     0.0939    -0.1138
  5660.8  1394.082028     1.5972    -0.1124
  5655.5  1394.106442     1.8485    -0.1110
  5650.1  1394.130856     1.1754    -0.1096
  5644.8  1394.155270     3.5828    -0.1082
  5639.4  1394.179684     3.4337    -0.1069
  5634.1  1394.204098     0.0860    -0.1055
  5628.7  1394.228512    -0.8878    -0.1042
  5623.4  1394.252926    -0.8752    -0.1029
  5618.0  1394.277340     0.2088    -0.1016
  5612.7  1394.301754     0.7474    -0.1003
  5607.3  1394.326168    -2.9423    -0.0990
  5602.0  1394.350582    -1.5700    -0.0978
  5596.6  1394.374997     4.8762    -0.0965
  5591.3  1394.399411     4.5913    -0.0953
  5586.0  1394.423825    -1.3451    -0.0941
  5580.6  1394.448239    -4.3874    -0.0929
  5575.3  1394.472653    -2.5853    -0.0917
  5569.9  1394.497067     0.1381    -0.0906
  5564.6  1394.521481     1.9098    -0.0894
  5559.2  1394.545895     1.9355    -0.0883
  5553.9  1394.570309    -0.7505    -0.0872
  5548.5  1394.594723    -1.3167    -0.0861
  5543.2  1394.619137    -0.7359    -0.0850
  5537.8  1394.643551    -0.8291    -0.0840
  5532.5  1394.667965     0.0246    -0.0829
  5527.2  1394.692379    -1.0871    -0.0819
  5521.8  1394.716793    -0.5915    -0.0809
  5516.5  1394.741207     2.0134    -0.0799
  5511.1  1394.765622     0.8806    -0.0789
  5505.8  1394.790036     0.2731    -0.0780
  5500.4  1394.814450     2.2551    -0.0770
  5495.1  1394.838864     0.8885    -0.0761
  5489.7  1394.863278    -2.4688    -0.0752
  5484.4  1394.887692    -3.4903    -0.0743
  5479.1  1394.912106    -2.1228    -0.0734
  5473.7  1394.936520    -1.2798    -0.0726
  5468.4  1394.960934    -2.5147    -0.0717
  5463.0  1394.985348    -2.3404    -0.0709
  5457.7  1395.009762    -0.0155    -0.0701
  5452.3  1395.034176     0.8417    -0.0693
  5447.0  1395.058590    -0.7792    -0.0686
  5441.7  1395.083004    -0.3100    -0.0678
  5436.3  1395.107418     0.9505    -0.0671
  5431.0  1395.131832     0.6294    -0.0664
  5425.6  1395.156247    -0.5157    -0.0657
  5420.3  1395.180661    -2.6007    -0.0650
  5415.0  1395.205075    -1.7435    -0.0644
  5409.6  1395.229489     1.1060    -0.0637
  5404.3  1395.253903     1.3016    -0.0631
  5398.9  1395.278317     0.2129    -0.0625
  5393.6  1395.302731     0.7721    -0.0619
  5388.3  1395.327145     1.1175    -0.0614
  5382.9  1395.351559    -2.3058    -0.0608
  5377.6  1395.375973    -2.4994    -0.0603
  5372.2  1395.400387    -0.1110    -0.0598
  5366.9  1395.424801     0.0097    -0.0593
  5361.6  1395.449215    -0.4865    -0.0588
  5356.2  1395.473629    -2.3205    -0.0584
  5350.9  1395.498043    -3.4174    -0.0579
  5345.5  1395.522457    -2.4819    -0.0575
  5340.2  1395.546872    -0.9629    -0.0571
  5334.9  1395.571286     1.6196    -0.0567
  5329.5  1395.595700     3.8889    -0.0564
  5324.2  1395.620114     3.8148    -0.0560
  5318.9  1395.644528     2.5059    -0.0557
  5313.5  1395.668942     3.6282    -0.0554
  5308.2  1395.693356     3.6768    -0.0551
  5302.8  1395.717770     1.9750    -0.0549
  5297.5  1395.742184     1.8395    -0.0546
  5292.2  1395.766598     0.7210    -0.0544
  5286.8  1395.791012     0.0938    -0.0542
  5281.5  1395.815426     0.6695    -0.0540
  5276.2  1395.839840    -2.1816    -0.0538
  5270.8  1395.864254    -4.7788    -0.0537
  5265.5  1395.888668    -1.2805    -0.0536
  5260.2  1395.913082     1.4370    -0.0534
  5254.8  1395.937497    -0.9412    -0.0534
  5249.5  1395.961911    -3.7397    -0.0533
  5244.2  1395.986325    -6.6216    -0.0532
  5238.8  1396.010739    -6.7254    -0.0532
  5233.5  1396.035153    -2.4431    -0.0532
  5228.1  1396.059567     0.9398    -0.0532
  5222.8  1396.083981     0.7549    -0.0532
  5217.5  1396.108395     0.3687    -0.0532
  5212.1  1396.132809     2.3150    -0.0533
  5206.8  1396.157223     2.2469    -0.0534
  5201.5  1396.181637    -1.3256    -0.0535
  5196.1  1396.206051    -2.3503    -0.0536
  5190.8  1396.230465    -0.6230    -0.0537
  5185.5  1396.254879     0.0587    -0.0539
  5180.1  1396.279293     0.3198    -0.0541
  5174.8  1396.303707     0.5502    -0.0543
  5169.5  1396.328122     0.2782    -0.0545
  5164.2  1396.352536    -0.2888    -0.0547
  5158.8  1396.376950    -0.6147    -0.0550
  5153.5  1396.401364     0.5448    -0.0552
  5148.2  1396.425778     1.4131    -0.0555
  5142.8  1396.450192    -0.9380    -0.0558
  5137.5  1396.474606    -1.7299    -0.0562
  5132.2  1396.499020     1.2646    -0.0565
  5126.8  1396.523434     2.7885    -0.0569
  5121.5  1396.547848     3.6505    -0.0572
  5116.2  1396.572262     7.3951    -0.0577
  5110.8  1396.596676    12.5646    -0.0581
  5105.5  1396.621090    16.4320    -0.0585
  5100.2  1396.645504    18.1193    -0.0590
  5094.9  1396.669918    17.3558    -0.0595
  5089.5  1396.694332    15.1623    -0.0600
  5084.2  1396.718747    11.5205    -0.0605
  5078.9  1396.743161     7.7527    -0.0610
  5073.5  1396.767575     4.1000    -0.0616
  5068.2  1396.791989     3.4149    -0.0621
  5062.9  1396.816403     3.4420    -0.0627
  5057.6  1396.840817     1.5408    -0.0633
  5052.2  1396.865231     1.8182    -0.0640
  5046.9  1396.889645     5.2127    -0.0646
  5041.6  1396.914059     6.7114    -0.0653
  5036.2  1396.938473     6.5797    -0.0660
  5030.9  1396.962887     8.7492    -0.0667
  5025.6  1396.987301     9.3425    -0.0674
  5020.3  1397.011715     7.2679    -0.0681
  5014.9  1397.036129     7.1818    -0.0689
  5009.6  1397.060543     8.3533    -0.0696
  5004.3  1397.084957     8.6884    -0.0704
  4999.0  1397.109372     6.9072    -0.0712
  4993.6  1397.133786     4.6497    -0.0721
  4988.3  1397.158200     4.0974    -0.0729
  4983.0  1397.182614     4.9532    -0.0738
  4977.6  1397.207028     6.1410    -0.0747
  4972.3  1397.231442     5.5330    -0.0756
  4967.0  1397.255856     4.3683    -0.0765
  4961.7  1397.280270     4.2093    -0.0774
  4956.3  1397.304684     2.6842    -0.0784
  4951.0  1397.329098     2.9351    -0.0793
  4945.7  1397.353512     7.6802    -0.0803
  4940.4  1397.377926     9.2202    -0.0813
  4935.1  1397.402340     6.6504    -0.0824
  4929.7  1397.426754     5.6151    -0.0834
  4924.4  1397.451168     7.4735    -0.0844
  4919.1  1397.475582    11.3716    -0.0855
  4913.8  1397.499997    12.1868    -0.0866
  4908.4  1397.524411    10.2909    -0.0877
  4903.1  1397.548825    10.6301    -0.0888
  4897.8  1397.573239    10.4298    -0.0900
  4892.5  1397.597653     6.7909    -0.0911
  4887.1  1397.622067     6.9853    -0.0923
  4881.8  1397.646481    11.7173    -0.0935
  4876.5  1397.670895    14.8524    -0.0947
  4871.2  1397.695309    17.2537    -0.0959
  4865.9  1397.719723    19.5952    -0.0972
  4860.5  1397.744137    19.6168    -0.0984
  4855.2  1397.768551    16.6989    -0.0997
  4849.9  1397.792965    12.3669    -0.1010
  4844.6  1397.817379     6.5259    -0.1023
  4839.3  1397.841793     2.3340    -0.1036
  4833.9  1397.866207     3.5730    -0.1049
  4828.6  1397.890622     5.0683    -0.1063
  4823.3  1397.915036     1.3748    -0.1077
  4818.0  1397.939450    -1.1524    -0.1090
  4812.7  1397.963864    -1.1580    -0.1104
  4807.3  1397.988278    -1.1470    -0.1118
  4802.0  1398.012692    -1.3615    -0.1133
  4796.7  1398.037106    -1.7816    -0.1147
  4791.4  1398.061520    -0.1580    -0.1162
  4786.1  1398.085934    -0.4202    -0.1176
  4780.7  1398.110348    -0.6833    -0.1191
  4775.4  1398.134762     0.8003    -0.1206
  4770.1  1398.159176    -2.1040    -0.1221
  4764.8  1398.183590    -3.5854    -0.1237
  4759.5  1398.208004    -0.4051    -0.1252
  4754.1  1398.232418     0.0486    -0.1268
  4748.8  1398.256832    -0.5553    -0.1283
  4743.5  1398.281247    -0.6386    -0.1299
  4738.2  1398.305661    -0.5278    -0.1315
  4732.9  1398.330075     1.2891    -0.1331
  4727.6  1398.354489     2.7529    -0.1347
  4722.2  1398.378903     2.7738    -0.1364
  4716.9  1398.403317     2.6469    -0.1380
  4711.6  1398.427731     1.2968    -0.1397
  4706.3  1398.452145     1.2311    -0.1414
  4701.0  1398.476559     2.1466    -0.1431
  4695.7  1398.500973    -0.0581    -0.1448
  4690.3  1398.525387    -2.8959    -0.1465
  4685.0  1398.549801    -2.4894    -0.1482
  4679.7  1398.574215     0.3432    -0.1499
  4674.4  1398.598629     3.0529    -0.1517
  4669.1  1398.623043     2.5158    -0.1535
  4663.8  1398.647457    -0.4572    -0.1552
  4658.5  1398.671872     0.5742    -0.1570
  4653.1  1398.696286     4.1138    -0.1588
  4647.8  1398.720700     3.1279    -0.1606
  4642.5  1398.745114     2.0114    -0.1624
  4637.2  1398.769528     2.4158    -0.1643
  4631.9  1398.793942     1.8329    -0.1661
  4626.6  1398.818356     0.2874    -0.1680
  4621.3  1398.842770    -1.7539    -0.1698
  4616.0  1398.867184    -2.0529    -0.1717
  4610.6  1398.891598    -2.4218    -0.1736
  4605.3  1398.916012    -2.1743    -0.1755
  4600.0  1398.940426    -0.5281    -0.1774
  4594.7  1398.964840    -1.1590    -0.1793
  4589.4  1398.989254    -3.4163    -0.1812
  4584.1  1399.013668    -2.6842    -0.1832
  4578.8  1399.038082     1.2421    -0.1851
  4573.5  1399.062497     2.4267    -0.1871
  4568.1  1399.086911     0.7104    -0.1890
  4562.8  1399.111325     0.6241    -0.1910
  4557.5  1399.135739     3.5307    -0.1930
  4552.2  1399.160153     4.1425    -0.1950
  4546.9  1399.184567     1.6822    -0.1970
  4541.6  1399.208981    -0.0660    -0.1990
  4536.3  1399.233395    -0.8476    -0.2010
  4531.0  1399.257809    -0.7923    -0.2030
  4525.7  1399.282223    -0.8357    -0.2050
  4520.4  1399.306637    -0.3095    -0.2071
  4515.0  1399.331051    -0.1294    -0.2091
  4509.7  1399.355465    -0.7643    -0.2112
  4504.4  1399.379879     0.7401    -0.2132
  4499.1  1399.404293     1.7459    -0.2153
  4493.8  1399.428707     0.5127    -0.2174
  4488.5  1399.453122    -0.9526    -0.2194
  4483.2  1399.477536    -2.3114    -0.2215
  4477.9  1399.501950    -3.1047    -0.2236
  4472.6  1399.526364    -1.8051    -0.2257
  4467.3  1399.550778    -0.3094    -0.2278
  4462.0  1399.575192     1.4788    -0.2299
  4456.7  1399.599606     2.1335    -0.2320
  4451.3  1399.624020     0.2691    -0.2341
  4446.0  1399.648434    -2.7288    -0.2363
  4440.7  1399.672848    -5.0676    -0.2384
  4435.4  1399.697262    -3.3855    -0.2405
  4430.1  1399.721676     0.8378    -0.2427
  4424.8  1399.746090     1.8647    -0.2448
  4419.5  1399.770504     2.3531    -0.2469
  4414.2  1399.794918     3.1434    -0.2491
  4408.9  1399.819332     1.0298    -0.2512
  4403.6  1399.843747     0.5291    -0.2534
  4398.3  1399.868161     2.0172    -0.2556
  4393.0  1399.892575     1.5001    -0.2577
  4387.7  1399.916989     0.7476    -0.2599
  4382.4  1399.941403    -0.0880    -0.2620
  4377.1  1399.965817    -2.6391    -0.2642
  4371.8  1399.990231    -4.0117    -0.2664
  4366.5  1400.014645    -0.8818    -0.2685
  4361.2  1400.039059     3.3854    -0.2707
  4355.8  1400.063473     5.2118    -0.2729
  4350.5  1400.087887     3.1127    -0.2751
  4345.2  1400.112301     0.1232    -0.2772
  4339.9  1400.136715    -0.8350    -0.2794
  4334.6  1400.161129     0.4204    -0.2816
  4329.3  1400.185543     3.2418    -0.2838
  4324.0  1400.209957     3.8456    -0.2859
  4318.7  1400.234372     0.9045    -0.2881
  4313.4  1400.258786    -0.2476    -0.2903
  4308.1  1400.283200     2.3626    -0.2925
  4302.8  1400.307614     4.1780    -0.2947
  4297.5  1400.332028     2.5281    -0.2968
  4292.2  1400.356442    -0.2273    -0.2990
  4286.9  1400.380856    -0.0112    -0.3012
  4281.6  1400.405270     1.3980    -0.3033
  4276.3  1400.429684     0.6327    -0.3055
  4271.0  1400.454098    -0.0150    -0.3077
  4265.7  1400.478512    -0.7077    -0.3098
  4260.4  1400.502926    -1.0414    -0.3120
  4255.1  1400.527340     0.7948    -0.3141
  4249.8  1400.551754     2.2837    -0.3163
  4244.5  1400.576168     0.7644    -0.3184
  4239.2  1400.600582    -0.4530    -0.3206
  4233.9  1400.624997     0.4294    -0.3227
  4228.6  1400.649411     1.1274    -0.3249
  4223.3  1400.673825     0.9361    -0.3270
  4218.0  1400.698239     0.2317    -0.3291
  4212.7  1400.722653    -1.9278    -0.3312
  4207.4  1400.747067    -2.8917    -0.3334
  4202.1  1400.771481    -2.4383    -0.3355
  4196.8  1400.795895    -2.6137    -0.3376
  4191.5  1400.820309    -1.7440    -0.3397
  4186.2  1400.844723    -0.1163    -0.3418
  4180.9  1400.869137    -1.2206    -0.3439
  4175.6  1400.893551    -4.4097    -0.3459
  4170.3  1400.917965    -3.2639    -0.3480
  4165.0  1400.942379    -0.6999    -0.3501
  4159.7  1400.966793    -1.3241    -0.3521
  4154.4  1400.991207    -0.1830    -0.3542
  4149.1  1401.015622     2.2059    -0.3562
  4143.8  1401.040036     2.4838    -0.3582
  4138.6  1401.064450     2.1549    -0.3603
  4133.3  1401.088864     0.9694    -0.3623
  4128.0  1401.113278    -0.7029    -0.3643
  4122.7  1401.137692     1.2235    -0.3663
  4117.4  1401.162106     3.5919    -0.3683
  4112.1  1401.186520     2.9284    -0.3702
  4106.8  1401.210934     0.2262    -0.3722
  4101.5  1401.235348    -0.6002    -0.3742
  4096.2  1401.259762     1.1682    -0.3761
  4090.9  1401.284176    -0.5232    -0.3780
  4085.6  1401.308590    -1.7113    -0.3799
  4080.3  1401.333004     0.7854    -0.3819
  4075.0  1401.357418    -0.3383    -0.3837
  4069.7  1401.381832    -3.7222    -0.3856
  4064.4  1401.406247    -3.6616    -0.3875
  4059.1  1401.430661    -0.6419    -0.3894
  4053.8  1401.455075     0.5797    -0.3912
  4048.5  1401.479489    -0.6192    -0.3930
  4043.3  1401.503903    -1.4156    -0.3948
  4038.0  1401.528317    -0.1494    -0.3966
  4032.7  1401.552731     1.3636    -0.3984
  4027.4  1401.577145     0.2229    -0.4002
  4022.1  1401.601559    -0.9141    -0.4020
  4016.8  1401.625973    -0.9403    -0.4037
  4011.5  1401.650387    -0.2422    -0.4054
  4006.2  1401.674801     1.3848    -0.4071
  4000.9  1401.699215     1.1393    -0.4088
  3995.6  1401.723629     0.8083    -0.4105
  3990.3  1401.748043     2.7372    -0.4122
  3985.0  1401.772457     4.0058    -0.4138
  3979.8  1401.796872     2.0884    -0.4154
  3974.5  1401.821286     2.0865    -0.4170
  3969.2  1401.845700     2.3047    -0.4186
  3963.9  1401.870114    -0.3275    -0.4202
  3958.6  1401.894528    -1.3384    -0.4217
  3953.3  1401.918942    -1.4010    -0.4233
  3948.0  1401.943356    -1.4410    -0.4248
  3942.7  1401.967770    -0.0479    -0.4263
  3937.4  1401.992184    -1.0885    -0.4277
  3932.1  1402.016598    -2.2982    -0.4292
  3926.9  1402.041012    -0.2844    -0.4306
  3921.6  1402.065426    -0.3549    -0.4320
  3916.3  1402.089840    -2.4084    -0.4334
  3911.0  1402.114254    -2.7198    -0.4348
  3905.7  1402.138668    -2.8725    -0.4361
  3900.4  1402.163082    -4.1401    -0.4374
  3895.1  1402.187497    -3.2037    -0.4387
  3889.8  1402.211911     0.2265    -0.4400
  3884.6  1402.236325     2.1318    -0.4412
  3879.3  1402.260739     2.8785    -0.4425
  3874.0  1402.285153     2.8095    -0.4437
  3868.7  1402.309567     1.0697    -0.4448
  3863.4  1402.333981    -1.4647    -0.4460
  3858.1  1402.358395    -2.0761    -0.4471
  3852.8  1402.382809    -1.5315    -0.4482
  3847.5  1402.407223     0.8065    -0.4493
  3842.3  1402.431637     2.0354    -0.4503
  3837.0  1402.456051     0.3707    -0.4514
  3831.7  1402.480465    -0.2241    -0.4523
  3826.4  1402.504879    -0.4014    -0.4533
  3821.1  1402.529293    -1.3901    -0.4543
  3815.8  1402.553707    -2.6504    -0.4552
  3810.5  1402.578122    -2.0624    -0.4560
  3805.3  1402.602536     1.4483    -0.4569
  3800.0  1402.626950     2.3185    -0.4577
  3794.7  1402.651364     0.1994    -0.4585
  3789.4  1402.675778    -1.2933    -0.4593
  3784.1  1402.700192    -0.7838    -0.4600
  3778.8  1402.724606     0.2528    -0.4607
  3773.6  1402.749020     0.2336    -0.4614
  3768.3  1402.773434    -0.4237    -0.4620
  3763.0  1402.797848    -0.8653    -0.4626
  3757.7  1402.822262    -1.3694    -0.4632
  3752.4  1402.846676    -0.4514    -0.4638
  3747.1  1402.871090     1.5878    -0.4643
  3741.9  1402.895504    -0.1632    -0.4647
  3736.6  1402.919918    -2.7516    -0.4652
  3731.3  1402.944332     0.6871    -0.4656
  3726.0  1402.968747     4.6207    -0.4660
  3720.7  1402.993161     2.1936    -0.4663
  3715.5  1403.017575    -2.9067    -0.4666
  3710.2  1403.041989    -2.4722    -0.4669
  3704.9  1403.066403     0.3236    -0.4671
  3699.6  1403.090817     0.4717    -0.4673
  3694.3  1403.115231     1.4082    -0.4675
  3689.0  1403.139645     2.4862    -0.4676
  3683.8  1403.164059     0.4261    -0.4677
  3678.5  1403.188473    -0.2296    -0.4677
  3673.2  1403.212887     0.5696    -0.4677
  3667.9  1403.237301    -0.8006    -0.4677
  3662.6  1403.261715    -1.9206    -0.4676
  3657.4  1403.286129    -2.9897    -0.4675
  3652.1  1403.310543    -2.1337    -0.4674
  3646.8  1403.334957     0.1310    -0.4672
  3641.5  1403.359372     0.2826    -0.4670
  3636.3  1403.383786     1.0348    -0.4667
  3631.0  1403.408200     1.1986    -0.4664
  3625.7  1403.432614     0.2076    -0.4660
  3620.4  1403.457028    -0.7574    -0.4656
  3615.1  1403.481442    -2.6805    -0.4652
  3609.9  1403.505856    -3.1815    -0.4647
  3604.6  1403.530270    -1.6520    -0.4642
  3599.3  1403.554684    -1.4242    -0.4636
  3594.0  1403.579098    -1.7860    -0.4630
  3588.8  1403.603512    -0.8678    -0.4623
  3583.5  1403.627926     1.0954    -0.4616
  3578.2  1403.652340     0.4419    -0.4609
  3572.9  1403.676754    -0.7728    -0.4601
  3567.6  1403.701168    -0.3547    -0.4592
  3562.4  1403.725582     0.8859    -0.4583
  3557.1  1403.749997     2.1546    -0.4574
  3551.8  1403.774411     0.2890    -0.4564
  3546.5  1403.798825    -2.0685    -0.4554
  3541.3  1403.823239    -1.6114    -0.4543
  3536.0  1403.847653    -0.4685    -0.4532
  3530.7  1403.872067    -1.3003    -0.4520
  3525.4  1403.896481    -3.5420    -0.4507
  3520.2  1403.920895    -2.0833    -0.4495
  3514.9  1403.945309     2.1090    -0.4481
  3509.6  1403.969723     2.4565    -0.4467
  3504.3  1403.994137    -0.7791    -0.4453
  3499.1  1404.018551    -1.4691    -0.4438
  3493.8  1404.042965    -0.4139    -0.4423
  3488.5  1404.067379     0.5019    -0.4407
  3483.3  1404.091793     1.5442    -0.4390
  3478.0  1404.116207     0.9965    -0.4373
  3472.7  1404.140622     0.2780    -0.4356
  3467.4  1404.165036    -1.5906    -0.4338
  3462.2  1404.189450    -4.0142    -0.4319
  3456.9  1404.213864    -2.0298    -0.4300
  3451.6  1404.238278    -0.1900    -0.4280
  3446.3  1404.262692    -0.2046    -0.4260
  3441.1  1404.287106     0.2566    -0.4239
  3435.8  1404.311520     0.7833    -0.4217
  3430.5  1404.335934     1.5660    -0.4195
  3425.3  1404.360348     1.6079    -0.4173
  3420.0  1404.384762     0.2964    -0.4149
  3414.7  1404.409176    -0.2211    -0.4126
  3409.4  1404.433590     0.3386    -0.4101
  3404.2  1404.458004    -0.8937    -0.4076
  3398.9  1404.482418    -2.1249    -0.4050
  3393.6  1404.506832    -0.4962    -0.4024
  3388.4  1404.531247    -0.3368    -0.3997
  3383.1  1404.555661    -1.1641    -0.3970
  3377.8  1404.580075    -0.5938    -0.3942
  3372.6  1404.604489     0.5455    -0.3913
  3367.3  1404.628903     1.1566    -0.3884
  3362.0  1404.653317    -0.2792    -0.3854
  3356.7  1404.677731    -0.5608    -0.3823
  3351.5  1404.702145     1.0565    -0.3792
  3346.2  1404.726559     0.1802    -0.3760
  3340.9  1404.750973    -0.9341    -0.3727
  3335.7  1404.775387     1.7295    -0.3694
  3330.4  1404.799801     2.7872    -0.3660
  3325.1  1404.824215     1.4287    -0.3625
  3319.9  1404.848629     1.2883    -0.3590
  3314.6  1404.873043     1.0949    -0.3554
  3309.3  1404.897457     0.5153    -0.3517
  3304.1  1404.921872    -0.1727    -0.3480
  3298.8  1404.946286    -0.9582    -0.3442
  3293.5  1404.970700    -3.8303    -0.3403
  3288.3  1404.995114    -6.1954    -0.3363
  3283.0  1405.019528    -3.4103    -0.3323
  3277.7  1405.043942     1.2500    -0.3282
  3272.5  1405.068356     1.9451    -0.3240
  3267.2  1405.092770    -1.0547    -0.3198
  3261.9  1405.117184    -2.3506    -0.3155
  3256.7  1405.141598     0.6771    -0.3111
  3251.4  1405.166012     2.6654    -0.3066
  3246.1  1405.190426     2.5907    -0.3021
  3240.9  1405.214840     0.6258    -0.2975
  3235.6  1405.239254    -2.7807    -0.2928
  3230.3  1405.263668    -3.6619    -0.2880
  3225.1  1405.288082    -1.5650    -0.2832
  3219.8  1405.312497     1.2600    -0.2783
  3214.6  1405.336911     2.8358    -0.2733
  3209.3  1405.361325     1.9642    -0.2682
  3204.0  1405.385739     1.4255    -0.2631
  3198.8  1405.410153     1.8241    -0.2578
  3193.5  1405.434567     1.9223    -0.2525
  3188.2  1405.458981     2.7667    -0.2471
  3183.0  1405.483395     2.4645    -0.2417
  3177.7  1405.507809     1.8653    -0.2361
  3172.4  1405.532223     3.6590    -0.2305
  3167.2  1405.556637     2.9986    -0.2247
  3161.9  1405.581051     0.6454    -0.2189
  3156.7  1405.605465    -0.2537    -0.2131
  3151.4  1405.629879    -0.2703    -0.2071
  3146.1  1405.654293    -1.0467    -0.2010
  3140.9  1405.678707    -2.0884    -0.1949
  3135.6  1405.703122    -0.6523    -0.1887
  3130.4  1405.727536     2.5330    -0.1823
  3125.1  1405.751950     3.0826    -0.1759
  3119.8  1405.776364     2.5531    -0.1695
  3114.6  1405.800778     2.9957    -0.1629
  3109.3  1405.825192     1.7880    -0.1562
  3104.0  1405.849606     0.1467    -0.1495
  3098.8  1405.874020     0.4372    -0.1426
  3093.5  1405.898434     0.1939    -0.1357
  3088.3  1405.922848    -0.2164    -0.1287
  3083.0  1405.947262     1.5814    -0.1216
  3077.8  1405.971676     2.9021    -0.1144
  3072.5  1405.996090     2.4669    -0.1071
  3067.2  1406.020504     3.7274    -0.0997
  3062.0  1406.044918     3.6063    -0.0922
  3056.7  1406.069332     0.3612    -0.0846
  3051.5  1406.093747    -1.0240    -0.0769
  3046.2  1406.118161    -1.1925    -0.0692
  3040.9  1406.142575    -1.8889    -0.0613
  3035.7  1406.166989    -0.6385    -0.0533
  3030.4  1406.191403     0.0586    -0.0453
  3025.2  1406.215817    -0.1832    -0.0371
  3019.9  1406.240231    -1.8110    -0.0289
  3014.7  1406.264645    -3.6895    -0.0205
  3009.4  1406.289059    -0.7969    -0.0121
  3004.1  1406.313473     3.1550    -0.0035
  2998.9  1406.337887     2.7050     0.0051
  2993.6  1406.362301     1.7388     0.0139
  2988.4  1406.386715    -0.0183     0.0227
  2983.1  1406.411129    -3.1496     0.0317
  2977.9  1406.435543    -3.3677     0.0407
  2972.6  1406.459957    -1.8248     0.0499
  2967.3  1406.484372    -3.5887     0.0591
  2962.1  1406.508786    -4.4770     0.0685
  2956.8  1406.533200    -2.1065     0.0780
  2951.6  1406.557614    -0.0475     0.0876
  2946.3  1406.582028     0.2304     0.0972
  2941.1  1406.606442    -0.5923     0.1070
  2935.8  1406.630856    -2.2115     0.1169
  2930.6  1406.655270    -0.4751     0.1269
  2925.3  1406.679684     2.2762     0.1370
  2920.1  1406.704098     0.8477     0.1472
  2914.8  1406.728512    -0.2048     0.1576
  2909.5  1406.752926     0.0196     0.1680
  2904.3  1406.777340    -1.2351     0.1786
  2899.0  1406.801754    -0.8680     0.1892
  2893.8  1406.826168     0.5184     0.2000
  2888.5  1406.850582    -1.2540     0.2109
  2883.3  1406.874997    -3.6131     0.2219
  2878.0  1406.899411    -2.8341     0.2330
  2872.8  1406.923825    -0.6526     0.2442
  2867.5  1406.948239     2.0191     0.2556
  2862.3  1406.972653     2.8479     0.2670
  2857.0  1406.997067     1.0991     0.2786
  2851.8  1407.021481     1.4352     0.2903
  2846.5  1407.045895     1.8874     0.3021
  2841.3  1407.070309     0.2846     0.3140
  2836.0  1407.094723     1.1117     0.3260
  2830.8  1407.119137     2.7444     0.3382
  2825.5  1407.143551     2.9394     0.3505
  2820.3  1407.167965     2.6593     0.3629
  2815.0  1407.192379     2.4841     0.3754
  2809.8  1407.216793     2.5264     0.3881
  2804.5  1407.241207     2.2138     0.4008
  2799.3  1407.265622     0.6619     0.4137
  2794.0  1407.290036    -0.2448     0.4267
  2788.8  1407.314450     0.1813     0.4399
  2783.5  1407.338864    -0.3466     0.4531
  2778.3  1407.363278    -1.3793     0.4665
  2773.0  1407.387692    -2.9017     0.4800
  2767.8  1407.412106    -4.2926     0.4937
  2762.5  1407.436520    -3.1898     0.5074
  2757.3  1407.460934     0.1232     0.5213
  2752.0  1407.485348     0.5427     0.5353
  2746.8  1407.509762    -2.5396     0.5495
  2741.5  1407.534176    -2.1700     0.5638
  2736.3  1407.558590     0.0542     0.5782
  2731.0  1407.583004     0.1876     0.5927
  2725.8  1407.607418    -0.9205     0.6074
  2720.5  1407.631832    -0.4644     0.6222
  2715.3  1407.656247     1.4040     0.6371
  2710.1  1407.680661     1.9055     0.6522
  2704.8  1407.705075     0.6438     0.6674
  2699.6  1407.729489     0.3086     0.6827
  2694.3  1407.753903    -1.0100     0.6982
  2689.1  1407.778317    -1.9849     0.7138
  2683.8  1407.802731    -0.2251     0.7296
  2678.6  1407.827145     0.5298     0.7455
  2673.3  1407.851559    -0.0427     0.7615
  2668.1  1407.875973     0.5997     0.7777
  2662.8  1407.900387     1.4904     0.7940
  2657.6  1407.924801     1.8111     0.8104
  2652.4  1407.949215     1.8721     0.8270
  2647.1  1407.973629     0.9701     0.8437
  2641.9  1407.998043    -0.0620     0.8606
  2636.6  1408.022457    -0.6968     0.8776
  2631.4  1408.046872    -0.3922     0.8947
  2626.1  1408.071286     1.1812     0.9120
  2620.9  1408.095700    -0.9656     0.9295
  2615.6  1408.120114    -3.3768     0.9471
  2610.4  1408.144528    -3.0336     0.9648
  2605.2  1408.168942    -3.4439     0.9827
  2599.9  1408.193356    -3.0656     1.0007
  2594.7  1408.217770    -0.5806     1.0189
  2589.4  1408.242184     1.2383     1.0372
  2584.2  1408.266598     2.3761     1.0557
  2578.9  1408.291012     2.9111     1.0743
  2573.7  1408.315426     1.4523     1.0931
  2568.5  1408.339840    -0.3520     1.1120
  2563.2  1408.364254    -0.7896     1.1311
  2558.0  1408.388668    -1.0273     1.1503
  2552.7  1408.413082    -0.3474     1.1697
  2547.5  1408.437497    -0.3177     1.1892
  2542.3  1408.461911    -1.3343     1.2089
  2537.0  1408.486325    -1.4959     1.2288
  2531.8  1408.510739    -0.7622     1.2488
  2526.5  1408.535153    -0.3071     1.2689
  2521.3  1408.559567    -0.8709     1.2892
  2516.1  1408.583981    -1.5718     1.3097
  2510.8  1408.608395    -2.8827     1.3303
  2505.6  1408.632809    -5.5164     1.3511
  2500.3  1408.657223    -4.2958     1.3721
