Arecibo Legacy Fast ALFA Survey
http://egg.astro.cornell.edu/alfalfa/
ASCII Table format
 
Telescope:      Arecibo Radio Telescope
Instrument:     Arecibo Radio Telescope
Beam size:      3.5x3.8 [arcminutes]
Object:         AGC 2464
RA:             45.170724  (J2000) decimal degrees
DEC:            32.652272  (J2000) decimal degrees
Rest Frequency: 1.4204058e+09 [Hz]
Bandwidth:      24.975586 [MHz]
Channels:       1024
AGC#-ID:        2464
Other name:     M+508001
Detection Code:    1
Data archive at http://egg.astro.cornell.edu/alfalfa/data
Data from ALFALFA 100%
File generated by M.P. Haynes  Thu Aug 24 17:36:54 2017
This spectrum has been baseline subtracted.
Table FORMAT:  (f8.1,1x,f12.6,1x,f10.4,1x,f10.4)
 
Column descriptions:
 1. Heliocentric velocity [km/s]
 2. Radio frequency [MHz]
 3. Flux Density [mJy]
 4. Subtracted polynomial baseline fit
 
###################################################################
 
 12827.3  1362.124020    -4.0944     1.3484
 12821.7  1362.148434    -2.6171     1.3268
 12816.1  1362.172848    -0.0304     1.3054
 12810.5  1362.197262     1.5325     1.2841
 12804.9  1362.221676    -1.5594     1.2630
 12799.3  1362.246090    -6.1530     1.2420
 12793.7  1362.270504    -4.0663     1.2212
 12788.1  1362.294918    -1.2398     1.2005
 12782.5  1362.319332    -1.8945     1.1800
 12776.9  1362.343747    -0.9166     1.1597
 12771.3  1362.368161    -2.2362     1.1395
 12765.7  1362.392575    -1.8645     1.1194
 12760.1  1362.416989     1.2025     1.0995
 12754.5  1362.441403     0.4644     1.0798
 12748.9  1362.465817    -0.9633     1.0602
 12743.3  1362.490231    -0.5334     1.0408
 12737.7  1362.514645     1.5387     1.0215
 12732.1  1362.539059     4.5082     1.0023
 12726.5  1362.563473     4.3747     0.9833
 12720.9  1362.587887     1.6182     0.9645
 12715.3  1362.612301    -0.8532     0.9457
 12709.7  1362.636715    -1.5082     0.9272
 12704.1  1362.661129     0.1254     0.9088
 12698.5  1362.685543    -0.3710     0.8905
 12692.9  1362.709957    -1.1803     0.8724
 12687.3  1362.734372    -1.1587     0.8544
 12681.7  1362.758786    -1.1403     0.8365
 12676.1  1362.783200     1.4476     0.8188
 12670.5  1362.807614     2.4350     0.8013
 12664.9  1362.832028     1.7195     0.7838
 12659.3  1362.856442     0.1928     0.7665
 12653.7  1362.880856     0.2851     0.7494
 12648.1  1362.905270     1.2896     0.7324
 12642.5  1362.929684    -1.2703     0.7155
 12636.9  1362.954098    -4.1862     0.6988
 12631.3  1362.978512    -5.2248     0.6822
 12625.8  1363.002926    -3.4575     0.6657
 12620.2  1363.027340    -0.6491     0.6494
 12614.6  1363.051754     0.7097     0.6332
 12609.0  1363.076168     0.2447     0.6172
 12603.4  1363.100582    -0.6455     0.6012
 12597.8  1363.124997    -1.6565     0.5854
 12592.2  1363.149411    -1.6427     0.5698
 12586.6  1363.173825     0.0988     0.5543
 12581.0  1363.198239     2.0791     0.5389
 12575.4  1363.222653     3.2711     0.5236
 12569.8  1363.247067     1.0320     0.5085
 12564.2  1363.271481    -3.5847     0.4935
 12558.6  1363.295895    -3.5461     0.4786
 12553.0  1363.320309     1.8738     0.4638
 12547.4  1363.344723     5.9593     0.4492
 12541.8  1363.369137     6.2556     0.4347
 12536.2  1363.393551     3.5917     0.4204
 12530.6  1363.417965     0.7546     0.4061
 12525.1  1363.442379    -1.1780     0.3920
 12519.5  1363.466793    -2.7782     0.3780
 12513.9  1363.491207    -1.1123     0.3641
 12508.3  1363.515622     0.8693     0.3504
 12502.7  1363.540036     1.1660     0.3368
 12497.1  1363.564450     1.2843     0.3233
 12491.5  1363.588864    -0.9601     0.3099
 12485.9  1363.613278    -3.4353     0.2966
 12480.3  1363.637692    -4.4942     0.2835
 12474.7  1363.662106    -4.0804     0.2705
 12469.1  1363.686520    -0.8088     0.2576
 12463.6  1363.710934     1.8339     0.2448
 12458.0  1363.735348     2.5628     0.2321
 12452.4  1363.759762    -0.8143     0.2196
 12446.8  1363.784176    -5.8421     0.2072
 12441.2  1363.808590    -4.5751     0.1948
 12435.6  1363.833004    -1.3593     0.1826
 12430.0  1363.857418    -2.1399     0.1706
 12424.4  1363.881832    -0.4757     0.1586
 12418.8  1363.906247     3.3811     0.1467
 12413.2  1363.930661     3.5759     0.1350
 12407.7  1363.955075     1.8800     0.1234
 12402.1  1363.979489     0.4648     0.1119
 12396.5  1364.003903     0.6206     0.1005
 12390.9  1364.028317     0.7467     0.0892
 12385.3  1364.052731     0.0250     0.0780
 12379.7  1364.077145     1.7620     0.0669
 12374.1  1364.101559     2.2357     0.0560
 12368.5  1364.125973     0.6374     0.0451
 12363.0  1364.150387     1.3250     0.0344
 12357.4  1364.174801     1.0064     0.0237
 12351.8  1364.199215    -0.7362     0.0132
 12346.2  1364.223629    -2.6451     0.0028
 12340.6  1364.248043    -4.1099    -0.0075
 12335.0  1364.272457    -0.8702    -0.0178
 12329.4  1364.296872     2.9657    -0.0279
 12323.9  1364.321286     1.9297    -0.0379
 12318.3  1364.345700    -0.7366    -0.0478
 12312.7  1364.370114     0.0194    -0.0576
 12307.1  1364.394528     2.3757    -0.0672
 12301.5  1364.418942     2.8212    -0.0768
 12295.9  1364.443356     1.2411    -0.0863
 12290.4  1364.467770     0.0522    -0.0957
 12284.8  1364.492184     0.1218    -0.1050
 12279.2  1364.516598    -0.3980    -0.1142
 12273.6  1364.541012     0.5057    -0.1233
 12268.0  1364.565426     1.8730    -0.1322
 12262.4  1364.589840     1.5167    -0.1411
 12256.9  1364.614254     0.8141    -0.1499
 12251.3  1364.638668    -1.0768    -0.1586
 12245.7  1364.663082    -3.7877    -0.1672
 12240.1  1364.687497    -2.4956    -0.1757
 12234.5  1364.711911     1.5070    -0.1841
 12228.9  1364.736325     0.7198    -0.1924
 12223.4  1364.760739    -1.4925    -0.2006
 12217.8  1364.785153    -2.2284    -0.2087
 12212.2  1364.809567    -2.4810    -0.2168
 12206.6  1364.833981    -0.2871    -0.2247
 12201.0  1364.858395     1.1560    -0.2325
 12195.5  1364.882809     1.8924    -0.2403
 12189.9  1364.907223     1.6566    -0.2479
 12184.3  1364.931637    -0.8846    -0.2555
 12178.7  1364.956051    -0.8775    -0.2630
 12173.1  1364.980465     0.3819    -0.2704
 12167.6  1365.004879    -0.3213    -0.2777
 12162.0  1365.029293    -0.9704    -0.2849
 12156.4  1365.053707    -0.6596    -0.2920
 12150.8  1365.078122     0.2190    -0.2990
 12145.2  1365.102536     1.0575    -0.3059
 12139.7  1365.126950     2.7455    -0.3128
 12134.1  1365.151364     2.6399    -0.3196
 12128.5  1365.175778     1.8278    -0.3262
 12122.9  1365.200192     1.5784    -0.3328
 12117.3  1365.224606    -1.9408    -0.3393
 12111.8  1365.249020    -3.9638    -0.3458
 12106.2  1365.273434    -0.5879    -0.3521
 12100.6  1365.297848     2.7491    -0.3584
 12095.0  1365.322262     0.1242    -0.3645
 12089.5  1365.346676    -2.3240    -0.3706
 12083.9  1365.371090    -1.5132    -0.3766
 12078.3  1365.395504    -1.6826    -0.3826
 12072.7  1365.419918    -0.5768    -0.3884
 12067.2  1365.444332     0.4303    -0.3942
 12061.6  1365.468747    -1.5061    -0.3999
 12056.0  1365.493161    -3.8529    -0.4055
 12050.4  1365.517575    -1.2692    -0.4110
 12044.8  1365.541989     2.2056    -0.4164
 12039.3  1365.566403     1.3615    -0.4218
 12033.7  1365.590817    -1.1883    -0.4271
 12028.1  1365.615231    -0.9150    -0.4323
 12022.5  1365.639645     1.5787    -0.4375
 12017.0  1365.664059     0.3062    -0.4425
 12011.4  1365.688473    -2.1783    -0.4475
 12005.8  1365.712887    -1.3881    -0.4524
 12000.3  1365.737301     1.9808    -0.4573
 11994.7  1365.761715     4.9299    -0.4620
 11989.1  1365.786129     3.1688    -0.4667
 11983.5  1365.810543     0.8392    -0.4713
 11978.0  1365.834957     0.6631    -0.4759
 11972.4  1365.859372     0.9655    -0.4803
 11966.8  1365.883786     2.3702    -0.4847
 11961.2  1365.908200     2.6138    -0.4891
 11955.7  1365.932614     2.6487    -0.4933
 11950.1  1365.957028     2.4487    -0.4975
 11944.5  1365.981442     0.3666    -0.5016
 11939.0  1366.005856    -1.3552    -0.5057
 11933.4  1366.030270    -0.1251    -0.5096
 11927.8  1366.054684     0.9494    -0.5135
 11922.2  1366.079098    -1.3709    -0.5174
 11916.7  1366.103512    -1.4905    -0.5211
 11911.1  1366.127926     0.4743    -0.5248
 11905.5  1366.152340     0.4055    -0.5285
 11900.0  1366.176754    -0.2933    -0.5321
 11894.4  1366.201168    -0.5702    -0.5356
 11888.8  1366.225582    -1.0383    -0.5390
 11883.3  1366.249997    -2.1315    -0.5424
 11877.7  1366.274411    -1.8138    -0.5457
 11872.1  1366.298825    -0.5648    -0.5489
 11866.5  1366.323239     0.6480    -0.5521
 11861.0  1366.347653     2.0659    -0.5552
 11855.4  1366.372067     1.5656    -0.5583
 11849.8  1366.396481     0.4149    -0.5613
 11844.3  1366.420895    -0.3477    -0.5642
 11838.7  1366.445309    -0.4798    -0.5671
 11833.1  1366.469723     1.0764    -0.5699
 11827.6  1366.494137     1.3009    -0.5726
 11822.0  1366.518551    -1.0596    -0.5753
 11816.4  1366.542965    -3.1874    -0.5779
 11810.9  1366.567379    -2.8717    -0.5805
 11805.3  1366.591793    -2.4464    -0.5830
 11799.7  1366.616207    -2.9981    -0.5854
 11794.2  1366.640622    -3.1908    -0.5878
 11788.6  1366.665036    -3.3890    -0.5902
 11783.0  1366.689450    -0.4655    -0.5924
 11777.5  1366.713864     3.5350    -0.5947
 11771.9  1366.738278     2.1018    -0.5968
 11766.3  1366.762692    -1.0803    -0.5989
 11760.8  1366.787106    -2.5915    -0.6010
 11755.2  1366.811520    -3.1521    -0.6030
 11749.6  1366.835934    -2.3640    -0.6049
 11744.1  1366.860348    -2.2098    -0.6068
 11738.5  1366.884762    -3.9817    -0.6086
 11732.9  1366.909176    -3.9860    -0.6104
 11727.4  1366.933590    -2.4843    -0.6122
 11721.8  1366.958004     0.1352    -0.6138
 11716.3  1366.982418     2.4847    -0.6155
 11710.7  1367.006832     1.0495    -0.6170
 11705.1  1367.031247    -1.5016    -0.6185
 11699.6  1367.055661    -1.7774    -0.6200
 11694.0  1367.080075    -0.5102    -0.6214
 11688.4  1367.104489    -0.2841    -0.6228
 11682.9  1367.128903     1.3054    -0.6241
 11677.3  1367.153317     3.8708    -0.6254
 11671.8  1367.177731     3.1850    -0.6266
 11666.2  1367.202145     2.6095    -0.6278
 11660.6  1367.226559     2.3106    -0.6289
 11655.1  1367.250973    -0.4278    -0.6300
 11649.5  1367.275387    -2.4774    -0.6310
 11643.9  1367.299801    -1.2711    -0.6320
 11638.4  1367.324215     1.3616    -0.6329
 11632.8  1367.348629     0.5026    -0.6338
 11627.3  1367.373043    -2.3474    -0.6346
 11621.7  1367.397457    -1.6639    -0.6354
 11616.1  1367.421872    -0.1113    -0.6362
 11610.6  1367.446286    -0.1117    -0.6369
 11605.0  1367.470700     0.1475    -0.6376
 11599.5  1367.495114    -0.1659    -0.6382
 11593.9  1367.519528     0.6329    -0.6387
 11588.3  1367.543942     1.1828    -0.6393
 11582.8  1367.568356    -1.3317    -0.6398
 11577.2  1367.592770    -0.6045    -0.6402
 11571.7  1367.617184     3.1659    -0.6406
 11566.1  1367.641598     3.1111    -0.6410
 11560.6  1367.666012     0.8913    -0.6413
 11555.0  1367.690426     0.0816    -0.6416
 11549.4  1367.714840    -0.1182    -0.6418
 11543.9  1367.739254     0.5403    -0.6420
 11538.3  1367.763668    -0.0909    -0.6422
 11532.8  1367.788082    -1.0065    -0.6423
 11527.2  1367.812497    -0.0825    -0.6424
 11521.7  1367.836911    -0.9533    -0.6424
 11516.1  1367.861325    -2.1914    -0.6424
 11510.5  1367.885739    -2.4602    -0.6424
 11505.0  1367.910153    -4.0470    -0.6423
 11499.4  1367.934567    -1.6294    -0.6422
 11493.9  1367.958981     2.7336    -0.6421
 11488.3  1367.983395    -0.6853    -0.6419
 11482.8  1368.007809    -4.7370    -0.6417
 11477.2  1368.032223    -1.9235    -0.6415
 11471.7  1368.056637     2.4045    -0.6412
 11466.1  1368.081051     4.3277    -0.6408
 11460.5  1368.105465     1.5530    -0.6405
 11455.0  1368.129879    -3.8159    -0.6401
 11449.4  1368.154293    -4.0089    -0.6397
 11443.9  1368.178707     1.2477    -0.6392
 11438.3  1368.203122     3.0013    -0.6387
 11432.8  1368.227536    -0.1493    -0.6382
 11427.2  1368.251950    -1.4259    -0.6376
 11421.7  1368.276364     0.4249    -0.6371
 11416.1  1368.300778     1.4007    -0.6364
 11410.6  1368.325192     0.6099    -0.6358
 11405.0  1368.349606    -1.5191    -0.6351
 11399.5  1368.374020    -3.9540    -0.6344
 11393.9  1368.398434    -3.9667    -0.6336
 11388.4  1368.422848    -2.4567    -0.6329
 11382.8  1368.447262    -1.9211    -0.6321
 11377.3  1368.471676    -1.1896    -0.6312
 11371.7  1368.496090     0.7259    -0.6304
 11366.2  1368.520504     1.3890    -0.6295
 11360.6  1368.544918     0.3927    -0.6285
 11355.0  1368.569332     2.3030    -0.6276
 11349.5  1368.593747     4.4189    -0.6266
 11343.9  1368.618161     3.5617    -0.6256
 11338.4  1368.642575     2.1133    -0.6246
 11332.8  1368.666989     0.8494    -0.6235
 11327.3  1368.691403    -1.2715    -0.6224
 11321.7  1368.715817    -2.6558    -0.6213
 11316.2  1368.740231    -0.6996    -0.6202
 11310.7  1368.764645     0.8680    -0.6190
 11305.1  1368.789059     0.1958    -0.6178
 11299.6  1368.813473     0.4732    -0.6166
 11294.0  1368.837887     0.7473    -0.6154
 11288.5  1368.862301     1.2513    -0.6141
 11282.9  1368.886715     3.7139    -0.6129
 11277.4  1368.911129     4.2083    -0.6115
 11271.8  1368.935543     2.6300    -0.6102
 11266.3  1368.959957     2.4207    -0.6089
 11260.7  1368.984372    -1.6874    -0.6075
 11255.2  1369.008786    -5.5494    -0.6061
 11249.6  1369.033200    -2.8637    -0.6047
 11244.1  1369.057614     0.6763    -0.6032
 11238.5  1369.082028     0.6596    -0.6017
 11233.0  1369.106442     0.2979    -0.6003
 11227.4  1369.130856     0.9657    -0.5988
 11221.9  1369.155270     0.7336    -0.5972
 11216.3  1369.179684     1.5293    -0.5957
 11210.8  1369.204098     2.4294    -0.5941
 11205.3  1369.228512     3.2438    -0.5925
 11199.7  1369.252926     2.7314    -0.5909
 11194.2  1369.277340    -0.4011    -0.5893
 11188.6  1369.301754    -0.5542    -0.5876
 11183.1  1369.326168     0.7425    -0.5860
 11177.5  1369.350582    -0.8746    -0.5843
 11172.0  1369.374997    -0.3754    -0.5826
 11166.4  1369.399411     1.4924    -0.5809
 11160.9  1369.423825     1.9055    -0.5791
 11155.4  1369.448239     0.8757    -0.5774
 11149.8  1369.472653     0.6285    -0.5756
 11144.3  1369.497067     3.7756    -0.5738
 11138.7  1369.521481     4.2578    -0.5720
 11133.2  1369.545895     1.4644    -0.5702
 11127.6  1369.570309     1.0241    -0.5684
 11122.1  1369.594723     1.0577    -0.5665
 11116.6  1369.619137     2.5338    -0.5647
 11111.0  1369.643551     4.2678    -0.5628
 11105.5  1369.667965     2.6175    -0.5609
 11099.9  1369.692379     0.0506    -0.5590
 11094.4  1369.716793    -0.4085    -0.5571
 11088.8  1369.741207    -0.4693    -0.5551
 11083.3  1369.765622    -2.6925    -0.5532
 11077.8  1369.790036    -2.7996    -0.5512
 11072.2  1369.814450    -0.5645    -0.5492
 11066.7  1369.838864     1.2276    -0.5473
 11061.1  1369.863278     3.4084    -0.5453
 11055.6  1369.887692     3.2715    -0.5432
 11050.1  1369.912106     2.0007    -0.5412
 11044.5  1369.936520     3.0462    -0.5392
 11039.0  1369.960934     3.4310    -0.5371
 11033.4  1369.985348     1.7628    -0.5351
 11027.9  1370.009762     0.1543    -0.5330
 11022.4  1370.034176    -0.7490    -0.5309
 11016.8  1370.058590    -1.2115    -0.5288
 11011.3  1370.083004    -1.6711    -0.5267
 11005.8  1370.107418    -1.6987    -0.5246
 11000.2  1370.131832     0.1212    -0.5225
 10994.7  1370.156247     3.0414    -0.5204
 10989.1  1370.180661     1.7129    -0.5182
 10983.6  1370.205075    -3.2480    -0.5161
 10978.1  1370.229489    -4.3797    -0.5139
 10972.5  1370.253903    -2.4782    -0.5118
 10967.0  1370.278317    -2.3376    -0.5096
 10961.5  1370.302731    -3.6412    -0.5074
 10955.9  1370.327145    -3.7397    -0.5052
 10950.4  1370.351559    -3.4239    -0.5030
 10944.8  1370.375973    -3.0935    -0.5008
 10939.3  1370.400387    -3.0083    -0.4986
 10933.8  1370.424801    -3.8817    -0.4964
 10928.2  1370.449215    -0.1707    -0.4942
 10922.7  1370.473629     0.9274    -0.4919
 10917.2  1370.498043    -3.5883    -0.4897
 10911.6  1370.522457    -2.0834    -0.4875
 10906.1  1370.546872     0.6263    -0.4852
 10900.6  1370.571286     2.1913    -0.4830
 10895.0  1370.595700     4.8132    -0.4807
 10889.5  1370.620114     2.6689    -0.4785
 10884.0  1370.644528    -0.5810    -0.4762
 10878.4  1370.668942     0.5888    -0.4739
 10872.9  1370.693356    -0.1401    -0.4716
 10867.4  1370.717770    -2.2705    -0.4694
 10861.8  1370.742184    -0.3549    -0.4671
 10856.3  1370.766598     0.2917    -0.4648
 10850.8  1370.791012    -2.3953    -0.4625
 10845.2  1370.815426    -3.4826    -0.4602
 10839.7  1370.839840    -1.9883    -0.4579
 10834.2  1370.864254    -0.0524    -0.4556
 10828.6  1370.888668     0.4001    -0.4533
 10823.1  1370.913082    -0.8477    -0.4510
 10817.6  1370.937497    -1.2681    -0.4487
 10812.0  1370.961911    -0.6189    -0.4464
 10806.5  1370.986325    -0.3075    -0.4441
 10801.0  1371.010739    -0.9461    -0.4418
 10795.4  1371.035153    -1.6601    -0.4395
 10789.9  1371.059567    -1.5715    -0.4371
 10784.4  1371.083981    -1.8202    -0.4348
 10778.9  1371.108395    -1.4615    -0.4325
 10773.3  1371.132809    -0.9069    -0.4302
 10767.8  1371.157223    -2.4104    -0.4279
 10762.3  1371.181637    -5.2676    -0.4256
 10756.7  1371.206051    -5.8199    -0.4233
 10751.2  1371.230465    -3.4385    -0.4209
 10745.7  1371.254879    -2.7308    -0.4186
 10740.1  1371.279293    -3.2422    -0.4163
 10734.6  1371.303707     0.2110    -0.4140
 10729.1  1371.328122     2.5920    -0.4117
 10723.6  1371.352536     0.1614    -0.4094
 10718.0  1371.376950     0.3751    -0.4071
 10712.5  1371.401364     5.0406    -0.4048
 10707.0  1371.425778     5.6229    -0.4025
 10701.5  1371.450192     2.9395    -0.4001
 10695.9  1371.474606     0.2340    -0.3978
 10690.4  1371.499020    -3.0367    -0.3955
 10684.9  1371.523434    -1.7462    -0.3933
 10679.3  1371.547848     2.7036    -0.3910
 10673.8  1371.572262     5.6056    -0.3887
 10668.3  1371.596676     4.8033    -0.3864
 10662.8  1371.621090     0.9982    -0.3841
 10657.2  1371.645504    -0.1346    -0.3818
 10651.7  1371.669918    -1.2220    -0.3795
 10646.2  1371.694332    -2.2765    -0.3773
 10640.7  1371.718747     1.8077    -0.3750
 10635.1  1371.743161     4.0826    -0.3727
 10629.6  1371.767575     1.8990    -0.3705
 10624.1  1371.791989     1.6111    -0.3682
 10618.6  1371.816403     2.8347    -0.3660
 10613.0  1371.840817     1.4292    -0.3637
 10607.5  1371.865231    -1.8916    -0.3615
 10602.0  1371.889645    -2.7664    -0.3592
 10596.5  1371.914059     0.0395    -0.3570
 10590.9  1371.938473     2.7467    -0.3548
 10585.4  1371.962887     3.1701    -0.3525
 10579.9  1371.987301     4.4939    -0.3503
 10574.4  1372.011715     4.6709    -0.3481
 10568.9  1372.036129     0.7931    -0.3459
 10563.3  1372.060543    -3.4179    -0.3437
 10557.8  1372.084957    -1.6290    -0.3415
 10552.3  1372.109372     2.4790    -0.3393
 10546.8  1372.133786     1.9434    -0.3372
 10541.2  1372.158200     1.3990    -0.3350
 10535.7  1372.182614     2.4888    -0.3328
 10530.2  1372.207028    -0.2574    -0.3307
 10524.7  1372.231442    -2.9219    -0.3285
 10519.2  1372.255856    -1.1096    -0.3264
 10513.6  1372.280270     2.0751    -0.3242
 10508.1  1372.304684     3.8219    -0.3221
 10502.6  1372.329098     3.5860    -0.3200
 10497.1  1372.353512     3.2286    -0.3179
 10491.6  1372.377926     4.9858    -0.3158
 10486.0  1372.402340     5.2495    -0.3137
 10480.5  1372.426754     0.0647    -0.3116
 10475.0  1372.451168    -4.1284    -0.3095
 10469.5  1372.475582    -2.5393    -0.3074
 10464.0  1372.499997    -2.6323    -0.3054
 10458.4  1372.524411    -4.1021    -0.3033
 10452.9  1372.548825    -0.4884    -0.3013
 10447.4  1372.573239     1.5186    -0.2992
 10441.9  1372.597653     0.0088    -0.2972
 10436.4  1372.622067     1.7097    -0.2952
 10430.9  1372.646481     6.0839    -0.2932
 10425.3  1372.670895     7.6268    -0.2912
 10419.8  1372.695309     6.0821    -0.2892
 10414.3  1372.719723     5.8679    -0.2872
 10408.8  1372.744137     6.8993    -0.2852
 10403.3  1372.768551     5.6758    -0.2833
 10397.7  1372.792965     4.2363    -0.2813
 10392.2  1372.817379     5.0759    -0.2794
 10386.7  1372.841793     5.5326    -0.2775
 10381.2  1372.866207     6.4593    -0.2755
 10375.7  1372.890622     6.7316    -0.2736
 10370.2  1372.915036     6.2154    -0.2717
 10364.7  1372.939450     6.6352    -0.2698
 10359.1  1372.963864     4.0362    -0.2680
 10353.6  1372.988278     0.2547    -0.2661
 10348.1  1373.012692     1.9870    -0.2643
 10342.6  1373.037106     5.2191    -0.2624
 10337.1  1373.061520     1.8322    -0.2606
 10331.6  1373.085934     2.1837    -0.2588
 10326.1  1373.110348     6.2090    -0.2569
 10320.5  1373.134762     2.5673    -0.2551
 10315.0  1373.159176    -0.5316    -0.2534
 10309.5  1373.183590    -0.0635    -0.2516
 10304.0  1373.208004     1.2756    -0.2498
 10298.5  1373.232418     4.1753    -0.2481
 10293.0  1373.256832     5.9222    -0.2463
 10287.5  1373.281247     5.6764    -0.2446
 10281.9  1373.305661     2.4818    -0.2429
 10276.4  1373.330075     0.4851    -0.2412
 10270.9  1373.354489     0.5731    -0.2395
 10265.4  1373.378903     0.4964    -0.2378
 10259.9  1373.403317     2.7462    -0.2362
 10254.4  1373.427731     3.6274    -0.2345
 10248.9  1373.452145     0.5679    -0.2329
 10243.4  1373.476559    -0.5832    -0.2312
 10237.9  1373.500973     1.6052    -0.2296
 10232.3  1373.525387     4.0184    -0.2280
 10226.8  1373.549801     4.1078    -0.2264
 10221.3  1373.574215     4.6142    -0.2249
 10215.8  1373.598629     5.2350    -0.2233
 10210.3  1373.623043     3.3931    -0.2218
 10204.8  1373.647457     3.4477    -0.2202
 10199.3  1373.671872     4.8784    -0.2187
 10193.8  1373.696286     0.9400    -0.2172
 10188.3  1373.720700    -3.5626    -0.2157
 10182.8  1373.745114    -0.3839    -0.2142
 10177.2  1373.769528     3.4916    -0.2127
 10171.7  1373.793942     0.6452    -0.2113
 10166.2  1373.818356    -2.4515    -0.2098
 10160.7  1373.842770    -0.3221    -0.2084
 10155.2  1373.867184     4.7202    -0.2070
 10149.7  1373.891598     7.5743    -0.2056
 10144.2  1373.916012     4.8371    -0.2042
 10138.7  1373.940426     1.8978    -0.2028
 10133.2  1373.964840     2.3448    -0.2015
 10127.7  1373.989254     0.7354    -0.2001
 10122.2  1374.013668    -1.3336    -0.1988
 10116.7  1374.038082     1.8100    -0.1975
 10111.2  1374.062497     7.2495    -0.1962
 10105.7  1374.086911     8.9146    -0.1949
 10100.1  1374.111325     6.9074    -0.1936
 10094.6  1374.135739     5.6948    -0.1924
 10089.1  1374.160153     5.2111    -0.1911
 10083.6  1374.184567     2.8934    -0.1899
 10078.1  1374.208981     1.0042    -0.1887
 10072.6  1374.233395     1.0483    -0.1875
 10067.1  1374.257809     2.4638    -0.1863
 10061.6  1374.282223     3.8223    -0.1851
 10056.1  1374.306637     3.7201    -0.1840
 10050.6  1374.331051     3.8953    -0.1828
 10045.1  1374.355465     5.4978    -0.1817
 10039.6  1374.379879     6.1145    -0.1806
 10034.1  1374.404293     5.9727    -0.1795
 10028.6  1374.428707     5.7574    -0.1784
 10023.1  1374.453122     6.2752    -0.1774
 10017.6  1374.477536     7.2611    -0.1763
 10012.1  1374.501950     7.4088    -0.1753
 10006.6  1374.526364     8.0282    -0.1742
 10001.1  1374.550778     8.4914    -0.1732
  9995.6  1374.575192     7.4374    -0.1722
  9990.1  1374.599606     7.3760    -0.1713
  9984.6  1374.624020     9.6845    -0.1703
  9979.1  1374.648434    10.9492    -0.1693
  9973.6  1374.672848     9.0564    -0.1684
  9968.1  1374.697262     6.3646    -0.1675
  9962.6  1374.721676     4.4309    -0.1666
  9957.1  1374.746090     2.7060    -0.1657
  9951.6  1374.770504     0.2138    -0.1648
  9946.1  1374.794918    -1.1293    -0.1640
  9940.6  1374.819332     2.2467    -0.1631
  9935.1  1374.843747     3.9625    -0.1623
  9929.6  1374.868161     0.8380    -0.1615
  9924.1  1374.892575    -1.8510    -0.1607
  9918.6  1374.916989    -3.5042    -0.1599
  9913.1  1374.941403    -1.9061    -0.1591
  9907.6  1374.965817     0.1518    -0.1584
  9902.1  1374.990231    -2.1318    -0.1576
  9896.6  1375.014645    -4.2973    -0.1569
  9891.1  1375.039059    -5.8671    -0.1562
  9885.6  1375.063473    -4.7662    -0.1555
  9880.1  1375.087887     0.6601    -0.1548
  9874.6  1375.112301     0.7326    -0.1542
  9869.1  1375.136715    -4.2247    -0.1535
  9863.6  1375.161129    -5.4613    -0.1529
  9858.1  1375.185543    -2.9605    -0.1523
  9852.6  1375.209957     1.7320    -0.1517
  9847.1  1375.234372     3.3393    -0.1511
  9841.6  1375.258786     1.5196    -0.1505
  9836.1  1375.283200     1.6760    -0.1500
  9830.6  1375.307614     2.1724    -0.1494
  9825.1  1375.332028     1.9940    -0.1489
  9819.6  1375.356442     2.2120    -0.1484
  9814.1  1375.380856     0.8734    -0.1479
  9808.6  1375.405270    -0.7995    -0.1474
  9803.1  1375.429684    -0.4015    -0.1469
  9797.6  1375.454098    -0.4498    -0.1465
  9792.1  1375.478512     0.4686    -0.1461
  9786.6  1375.502926     1.4864    -0.1456
  9781.1  1375.527340    -0.8316    -0.1452
  9775.6  1375.551754    -2.7172    -0.1448
  9770.1  1375.576168    -0.4970    -0.1445
  9764.6  1375.600582     0.5824    -0.1441
  9759.2  1375.624997    -1.8954    -0.1437
  9753.7  1375.649411    -1.7449    -0.1434
  9748.2  1375.673825    -0.6506    -0.1431
  9742.7  1375.698239     0.0612    -0.1428
  9737.2  1375.722653     0.5984    -0.1425
  9731.7  1375.747067     0.6886    -0.1422
  9726.2  1375.771481     1.9323    -0.1419
  9720.7  1375.795895     0.8547    -0.1417
  9715.2  1375.820309    -2.9178    -0.1415
  9709.7  1375.844723    -3.2296    -0.1413
  9704.2  1375.869137    -0.5735    -0.1410
  9698.7  1375.893551     0.1444    -0.1409
  9693.2  1375.917965     0.4584    -0.1407
  9687.8  1375.942379     2.6898    -0.1405
  9682.3  1375.966793     2.5116    -0.1404
  9676.8  1375.991207    -1.6506    -0.1402
  9671.3  1376.015622    -1.8762    -0.1401
  9665.8  1376.040036     1.3022    -0.1400
  9660.3  1376.064450     0.2715    -0.1399
  9654.8  1376.088864    -0.8239    -0.1398
  9649.3  1376.113278     0.4031    -0.1398
  9643.8  1376.137692    -0.3496    -0.1397
  9638.3  1376.162106    -0.3589    -0.1397
  9632.8  1376.186520     1.0767    -0.1397
  9627.4  1376.210934     1.6801    -0.1397
  9621.9  1376.235348     1.6241    -0.1397
  9616.4  1376.259762    -0.3073    -0.1397
  9610.9  1376.284176    -1.5111    -0.1397
  9605.4  1376.308590    -0.0271    -0.1397
  9599.9  1376.333004     0.7711    -0.1398
  9594.4  1376.357418     0.3587    -0.1399
  9588.9  1376.381832    -0.2281    -0.1400
  9583.5  1376.406247    -0.8848    -0.1400
  9578.0  1376.430661    -2.8452    -0.1402
  9572.5  1376.455075    -5.2417    -0.1403
  9567.0  1376.479489    -4.8910    -0.1404
  9561.5  1376.503903    -2.2200    -0.1406
  9556.0  1376.528317     0.2151    -0.1407
  9550.5  1376.552731     0.9105    -0.1409
  9545.0  1376.577145     0.0821    -0.1411
  9539.6  1376.601559     1.1702    -0.1413
  9534.1  1376.625973     0.2755    -0.1415
  9528.6  1376.650387    -2.2918    -0.1417
  9523.1  1376.674801    -0.2018    -0.1419
  9517.6  1376.699215     1.6949    -0.1422
  9512.1  1376.723629     0.9922    -0.1424
  9506.6  1376.748043     2.1472    -0.1427
  9501.2  1376.772457     2.1328    -0.1430
  9495.7  1376.796872     0.9668    -0.1433
  9490.2  1376.821286     1.4962    -0.1436
  9484.7  1376.845700    -0.5919    -0.1439
  9479.2  1376.870114    -1.3793    -0.1442
  9473.7  1376.894528    -1.2934    -0.1446
  9468.3  1376.918942    -1.2087    -0.1449
  9462.8  1376.943356     2.7542    -0.1453
  9457.3  1376.967770     4.8219    -0.1456
  9451.8  1376.992184     3.7315    -0.1460
  9446.3  1377.016598     3.5923    -0.1464
  9440.8  1377.041012     4.0151    -0.1468
  9435.4  1377.065426     3.9581    -0.1472
  9429.9  1377.089840     3.4865    -0.1476
  9424.4  1377.114254     2.6484    -0.1481
  9418.9  1377.138668     0.7333    -0.1485
  9413.4  1377.163082    -0.0214    -0.1490
  9407.9  1377.187497     0.7544    -0.1494
  9402.5  1377.211911     0.4143    -0.1499
  9397.0  1377.236325    -0.1888    -0.1504
  9391.5  1377.260739    -1.9936    -0.1509
  9386.0  1377.285153    -2.6409    -0.1514
  9380.5  1377.309567    -0.2412    -0.1519
  9375.1  1377.333981     1.9589    -0.1524
  9369.6  1377.358395     3.7013    -0.1530
  9364.1  1377.382809     4.8055    -0.1535
  9358.6  1377.407223     4.0492    -0.1540
  9353.1  1377.431637     1.1443    -0.1546
  9347.7  1377.456051    -3.8025    -0.1552
  9342.2  1377.480465    -4.6204    -0.1557
  9336.7  1377.504879    -0.7693    -0.1563
  9331.2  1377.529293    -1.3642    -0.1569
  9325.8  1377.553707    -2.5084    -0.1575
  9320.3  1377.578122    -1.5076    -0.1581
  9314.8  1377.602536    -2.6137    -0.1587
  9309.3  1377.626950    -2.7308    -0.1594
  9303.8  1377.651364    -2.1860    -0.1600
  9298.4  1377.675778    -2.0142    -0.1606
  9292.9  1377.700192    -0.1720    -0.1613
  9287.4  1377.724606     0.1384    -0.1619
  9281.9  1377.749020    -0.5578    -0.1626
  9276.5  1377.773434    -0.0164    -0.1632
  9271.0  1377.797848     0.4827    -0.1639
  9265.5  1377.822262    -0.8498    -0.1646
  9260.0  1377.846676    -2.8044    -0.1653
  9254.5  1377.871090    -3.0621    -0.1660
  9249.1  1377.895504    -1.8372    -0.1667
  9243.6  1377.919918     0.8271    -0.1674
  9238.1  1377.944332     3.6063    -0.1681
  9232.6  1377.968747     1.1306    -0.1688
  9227.2  1377.993161    -3.5331    -0.1695
  9221.7  1378.017575    -2.0332    -0.1702
  9216.2  1378.041989    -1.2285    -0.1710
  9210.7  1378.066403    -3.1473    -0.1717
  9205.3  1378.090817    -1.7513    -0.1725
  9199.8  1378.115231    -0.5152    -0.1732
  9194.3  1378.139645    -0.2351    -0.1740
  9188.9  1378.164059     0.6841    -0.1747
  9183.4  1378.188473     2.5432    -0.1755
  9177.9  1378.212887     4.1553    -0.1762
  9172.4  1378.237301     1.0349    -0.1770
  9167.0  1378.261715    -2.8763    -0.1778
  9161.5  1378.286129    -3.3927    -0.1785
  9156.0  1378.310543    -3.2825    -0.1793
  9150.5  1378.334957    -2.2002    -0.1801
  9145.1  1378.359372     0.3361    -0.1809
  9139.6  1378.383786     1.3674    -0.1817
  9134.1  1378.408200    -0.5829    -0.1825
  9128.7  1378.432614    -0.1531    -0.1833
  9123.2  1378.457028     1.3335    -0.1841
  9117.7  1378.481442    -0.3262    -0.1848
  9112.2  1378.505856     0.6249    -0.1856
  9106.8  1378.530270     1.6676    -0.1864
  9101.3  1378.554684     1.9576    -0.1872
  9095.8  1378.579098     3.3914    -0.1881
  9090.4  1378.603512     2.2942    -0.1889
  9084.9  1378.627926     0.3737    -0.1897
  9079.4  1378.652340     0.4165    -0.1905
  9073.9  1378.676754    -0.1104    -0.1913
  9068.5  1378.701168    -2.6215    -0.1921
  9063.0  1378.725582    -3.5605    -0.1929
  9057.5  1378.749997     0.2406    -0.1937
  9052.1  1378.774411     4.0229    -0.1945
  9046.6  1378.798825     3.1871    -0.1953
  9041.1  1378.823239     1.6365    -0.1961
  9035.7  1378.847653     1.4918    -0.1969
  9030.2  1378.872067     0.3249    -0.1977
  9024.7  1378.896481    -1.3118    -0.1985
  9019.3  1378.920895    -0.7666    -0.1994
  9013.8  1378.945309     0.9367    -0.2002
  9008.3  1378.969723    -0.1171    -0.2010
  9002.9  1378.994137    -3.4304    -0.2018
  8997.4  1379.018551    -2.4762    -0.2025
  8991.9  1379.042965    -0.0211    -0.2033
  8986.5  1379.067379     0.2880    -0.2041
  8981.0  1379.091793     1.2161    -0.2049
  8975.5  1379.116207     0.2352    -0.2057
  8970.1  1379.140622    -0.9003    -0.2065
  8964.6  1379.165036    -1.7311    -0.2073
  8959.1  1379.189450    -3.5215    -0.2080
  8953.7  1379.213864    -2.0567    -0.2088
  8948.2  1379.238278     0.0329    -0.2096
  8942.7  1379.262692    -0.4559    -0.2104
  8937.3  1379.287106    -0.4968    -0.2111
  8931.8  1379.311520     1.4443    -0.2119
  8926.3  1379.335934     2.4851    -0.2126
  8920.9  1379.360348     1.9806    -0.2134
  8915.4  1379.384762     1.5070    -0.2141
  8910.0  1379.409176    -0.2719    -0.2148
  8904.5  1379.433590    -2.8914    -0.2156
  8899.0  1379.458004    -1.9515    -0.2163
  8893.6  1379.482418    -0.0280    -0.2170
  8888.1  1379.506832    -1.2843    -0.2177
  8882.6  1379.531247    -3.3309    -0.2184
  8877.2  1379.555661    -2.3198    -0.2191
  8871.7  1379.580075    -0.5804    -0.2198
  8866.2  1379.604489    -0.4436    -0.2205
  8860.8  1379.628903    -1.3503    -0.2211
  8855.3  1379.653317    -1.7612    -0.2218
  8849.9  1379.677731    -3.0080    -0.2225
  8844.4  1379.702145    -4.8760    -0.2231
  8838.9  1379.726559    -3.4059    -0.2238
  8833.5  1379.750973    -2.8649    -0.2244
  8828.0  1379.775387    -1.8591    -0.2250
  8822.6  1379.799801     1.3884    -0.2256
  8817.1  1379.824215     2.5800    -0.2262
  8811.6  1379.848629     1.6352    -0.2268
  8806.2  1379.873043    -0.0654    -0.2274
  8800.7  1379.897457    -0.1566    -0.2280
  8795.3  1379.921872     0.8066    -0.2285
  8789.8  1379.946286     2.1186    -0.2291
  8784.3  1379.970700     3.9297    -0.2296
  8778.9  1379.995114     4.5796    -0.2302
  8773.4  1380.019528     2.1522    -0.2307
  8768.0  1380.043942    -2.5596    -0.2312
  8762.5  1380.068356    -1.5707    -0.2317
  8757.0  1380.092770     2.3521    -0.2321
  8751.6  1380.117184     0.1666    -0.2326
  8746.1  1380.141598    -0.8342    -0.2331
  8740.7  1380.166012     1.4291    -0.2335
  8735.2  1380.190426     1.6618    -0.2339
  8729.8  1380.214840     0.0219    -0.2344
  8724.3  1380.239254    -1.2004    -0.2348
  8718.8  1380.263668     1.6740    -0.2351
  8713.4  1380.288082     3.0445    -0.2355
  8707.9  1380.312497    -0.6648    -0.2359
  8702.5  1380.336911    -1.3075    -0.2362
  8697.0  1380.361325     0.7428    -0.2365
  8691.6  1380.385739     1.0104    -0.2368
  8686.1  1380.410153     1.3653    -0.2371
  8680.6  1380.434567     0.7018    -0.2374
  8675.2  1380.458981    -1.5101    -0.2377
  8669.7  1380.483395    -1.0816    -0.2379
  8664.3  1380.507809     0.8670    -0.2381
  8658.8  1380.532223     0.5790    -0.2384
  8653.4  1380.556637     1.5529    -0.2385
  8647.9  1380.581051     3.4810    -0.2387
  8642.5  1380.605465     0.6490    -0.2389
  8637.0  1380.629879    -3.1299    -0.2390
  8631.6  1380.654293    -3.8060    -0.2391
  8626.1  1380.678707    -2.2862    -0.2392
  8620.6  1380.703122     1.9464    -0.2393
  8615.2  1380.727536     3.4946    -0.2394
  8609.7  1380.751950    -0.2212    -0.2394
  8604.3  1380.776364    -2.1581    -0.2394
  8598.8  1380.800778     0.8298    -0.2394
  8593.4  1380.825192     2.6027    -0.2394
  8587.9  1380.849606     0.2706    -0.2394
  8582.5  1380.874020    -1.4107    -0.2393
  8577.0  1380.898434    -0.2987    -0.2392
  8571.6  1380.922848     0.1474    -0.2391
  8566.1  1380.947262    -0.7593    -0.2390
  8560.7  1380.971676     0.0160    -0.2388
  8555.2  1380.996090     0.1452    -0.2386
  8549.8  1381.020504    -0.5174    -0.2384
  8544.3  1381.044918     0.1935    -0.2382
  8538.9  1381.069332    -0.2941    -0.2380
  8533.4  1381.093747    -3.4244    -0.2377
  8528.0  1381.118161    -6.4338    -0.2374
  8522.5  1381.142575    -4.0070    -0.2371
  8517.1  1381.166989     0.9107    -0.2367
  8511.6  1381.191403     2.0290    -0.2363
  8506.2  1381.215817     0.5250    -0.2359
  8500.7  1381.240231    -0.0260    -0.2355
  8495.3  1381.264645     0.5344    -0.2351
  8489.8  1381.289059     1.7608    -0.2346
  8484.4  1381.313473     0.4162    -0.2341
  8478.9  1381.337887    -2.1179    -0.2336
  8473.5  1381.362301     1.5827    -0.2330
  8468.0  1381.386715     5.4798    -0.2324
  8462.6  1381.411129     1.5668    -0.2318
  8457.1  1381.435543    -0.2854    -0.2311
  8451.7  1381.459957     2.8526    -0.2305
  8446.2  1381.484372     3.8823    -0.2298
  8440.8  1381.508786     2.7849    -0.2290
  8435.3  1381.533200     2.0273    -0.2283
  8429.9  1381.557614     1.2797    -0.2275
  8424.4  1381.582028    -0.7247    -0.2266
  8419.0  1381.606442    -0.7778    -0.2258
  8413.6  1381.630856     1.0848    -0.2249
  8408.1  1381.655270     0.2771    -0.2240
  8402.7  1381.679684    -1.4237    -0.2230
  8397.2  1381.704098    -1.1098    -0.2220
  8391.8  1381.728512     1.1528    -0.2210
  8386.3  1381.752926     0.4006    -0.2200
  8380.9  1381.777340    -1.4563    -0.2189
  8375.4  1381.801754     0.0398    -0.2178
  8370.0  1381.826168     0.1212    -0.2166
  8364.5  1381.850582     0.3668    -0.2154
  8359.1  1381.874997     0.3474    -0.2142
  8353.7  1381.899411    -2.0659    -0.2129
  8348.2  1381.923825    -0.5313    -0.2116
  8342.8  1381.948239     1.5851    -0.2103
  8337.3  1381.972653     1.2931    -0.2089
  8331.9  1381.997067     1.6200    -0.2075
  8326.4  1382.021481     1.6462    -0.2061
  8321.0  1382.045895     2.3110    -0.2046
  8315.6  1382.070309     3.3644    -0.2031
  8310.1  1382.094723     2.1334    -0.2015
  8304.7  1382.119137     0.1742    -0.1999
  8299.2  1382.143551     3.3327    -0.1983
  8293.8  1382.167965     6.6071    -0.1966
  8288.3  1382.192379     1.5077    -0.1949
  8282.9  1382.216793    -2.7342    -0.1932
  8277.5  1382.241207    -2.6904    -0.1914
  8272.0  1382.265622    -2.8739    -0.1896
  8266.6  1382.290036    -0.2045    -0.1877
  8261.1  1382.314450     2.7033    -0.1858
  8255.7  1382.338864     0.1962    -0.1838
  8250.3  1382.363278    -0.8833    -0.1818
  8244.8  1382.387692     0.8599    -0.1798
  8239.4  1382.412106     0.6704    -0.1777
  8233.9  1382.436520    -0.4664    -0.1755
  8228.5  1382.460934    -0.6020    -0.1734
  8223.1  1382.485348    -2.0717    -0.1712
  8217.6  1382.509762    -5.4410    -0.1689
  8212.2  1382.534176    -5.4745    -0.1666
  8206.7  1382.558590    -1.4085    -0.1642
  8201.3  1382.583004     1.3520    -0.1618
  8195.9  1382.607418    -1.6333    -0.1594
  8190.4  1382.631832    -4.8412    -0.1569
  8185.0  1382.656247    -2.6026    -0.1544
  8179.5  1382.680661     0.9363    -0.1518
  8174.1  1382.705075     1.5452    -0.1491
  8168.7  1382.729489     0.9035    -0.1465
  8163.2  1382.753903     0.9409    -0.1437
  8157.8  1382.778317    -0.2297    -0.1409
  8152.4  1382.802731    -1.8425    -0.1381
  8146.9  1382.827145    -2.4963    -0.1352
  8141.5  1382.851559    -2.2605    -0.1323
  8136.0  1382.875973    -0.2616    -0.1293
  8130.6  1382.900387     1.0194    -0.1263
  8125.2  1382.924801     0.1462    -0.1232
  8119.7  1382.949215     2.2323    -0.1201
  8114.3  1382.973629     3.6615    -0.1169
  8108.9  1382.998043     0.7203    -0.1137
  8103.4  1383.022457    -2.3734    -0.1104
  8098.0  1383.046872    -2.0820    -0.1070
  8092.6  1383.071286     1.2253    -0.1036
  8087.1  1383.095700     2.5109    -0.1002
  8081.7  1383.120114     3.2986    -0.0967
  8076.3  1383.144528     4.6955    -0.0931
  8070.8  1383.168942     4.8893    -0.0895
  8065.4  1383.193356     2.9546    -0.0858
  8060.0  1383.217770     0.1926    -0.0821
  8054.5  1383.242184     0.6012    -0.0783
  8049.1  1383.266598     1.8424    -0.0744
  8043.7  1383.291012     0.8975    -0.0705
  8038.2  1383.315426     1.3613    -0.0666
  8032.8  1383.339840     1.9616    -0.0625
  8027.4  1383.364254    -0.6085    -0.0585
  8021.9  1383.388668    -1.9184    -0.0543
  8016.5  1383.413082     0.4341    -0.0501
  8011.1  1383.437497     3.7550    -0.0459
  8005.6  1383.461911     3.5828    -0.0415
  8000.2  1383.486325    -0.1133    -0.0372
  7994.8  1383.510739    -2.3175    -0.0327
  7989.3  1383.535153    -3.2528    -0.0282
  7983.9  1383.559567    -3.5391    -0.0237
  7978.5  1383.583981    -4.0489    -0.0190
  7973.0  1383.608395    -4.1782    -0.0143
  7967.6  1383.632809    -3.1354    -0.0096
  7962.2  1383.657223    -2.3800    -0.0048
  7956.8  1383.681637    -1.2041     0.0001
  7951.3  1383.706051     0.3669     0.0051
  7945.9  1383.730465     2.6074     0.0101
  7940.5  1383.754879     3.0445     0.0152
  7935.0  1383.779293     1.0102     0.0203
  7929.6  1383.803707     0.9240     0.0255
  7924.2  1383.828122     2.9510     0.0308
  7918.7  1383.852536     3.7518     0.0362
  7913.3  1383.876950     2.3649     0.0416
  7907.9  1383.901364     0.1983     0.0471
  7902.5  1383.925778    -1.2183     0.0526
  7897.0  1383.950192    -1.6725     0.0583
  7891.6  1383.974606    -0.3999     0.0640
  7886.2  1383.999020     1.3384     0.0697
  7880.8  1384.023434    -0.0754     0.0756
  7875.3  1384.047848    -3.1577     0.0815
  7869.9  1384.072262    -3.3436     0.0875
  7864.5  1384.096676    -1.0062     0.0935
  7859.0  1384.121090     1.0495     0.0997
  7853.6  1384.145504     2.2286     0.1059
  7848.2  1384.169918     3.4505     0.1121
  7842.8  1384.194332     2.7119     0.1185
  7837.3  1384.218747     2.7961     0.1249
  7831.9  1384.243161     5.0132     0.1314
  7826.5  1384.267575     2.4939     0.1380
  7821.1  1384.291989    -0.8895     0.1446
  7815.6  1384.316403    -2.7124     0.1514
  7810.2  1384.340817    -5.2822     0.1582
  7804.8  1384.365231    -4.2717     0.1651
  7799.4  1384.389645    -3.3917     0.1720
  7793.9  1384.414059    -3.0909     0.1791
  7788.5  1384.438473    -0.8556     0.1862
  7783.1  1384.462887     0.2266     0.1934
  7777.7  1384.487301     0.1981     0.2007
  7772.2  1384.511715     0.2123     0.2080
  7766.8  1384.536129     1.7152     0.2155
  7761.4  1384.560543     2.1292     0.2230
  7756.0  1384.584957    -0.3050     0.2306
  7750.6  1384.609372    -1.1922     0.2383
  7745.1  1384.633786     1.2378     0.2461
  7739.7  1384.658200     3.1303     0.2539
  7734.3  1384.682614     1.6828     0.2619
  7728.9  1384.707028    -1.8404     0.2699
  7723.4  1384.731442    -4.2621     0.2780
  7718.0  1384.755856    -3.6183     0.2862
  7712.6  1384.780270    -2.8780     0.2945
  7707.2  1384.804684    -2.8902     0.3028
  7701.8  1384.829098    -1.3066     0.3113
  7696.3  1384.853512     0.0581     0.3198
  7690.9  1384.877926    -1.0127     0.3285
  7685.5  1384.902340    -2.3155     0.3372
  7680.1  1384.926754    -1.4347     0.3460
  7674.7  1384.951168     0.6615     0.3549
  7669.2  1384.975582     1.4375     0.3639
  7663.8  1384.999997     0.2828     0.3730
  7658.4  1385.024411    -1.4534     0.3821
  7653.0  1385.048825    -1.5766     0.3914
  7647.6  1385.073239    -0.1360     0.4007
  7642.1  1385.097653    -0.4041     0.4102
  7636.7  1385.122067    -2.0020     0.4197
  7631.3  1385.146481    -0.1074     0.4294
  7625.9  1385.170895     3.8607     0.4391
  7620.5  1385.195309     2.2423     0.4489
  7615.0  1385.219723    -3.3079     0.4588
  7609.6  1385.244137    -5.8142     0.4688
  7604.2  1385.268551    -4.0963     0.4790
  7598.8  1385.292965    -0.9046     0.4892
  7593.4  1385.317379     1.5329     0.4995
  7588.0  1385.341793     4.2224     0.5099
  7582.5  1385.366207     3.0151     0.5204
  7577.1  1385.390622    -1.9778     0.5310
  7571.7  1385.415036    -5.3270     0.5417
  7566.3  1385.439450    -5.2979     0.5525
  7560.9  1385.463864    -1.0787     0.5634
  7555.5  1385.488278     1.6508     0.5744
  7550.0  1385.512692     2.4213     0.5855
  7544.6  1385.537106     3.8217     0.5967
  7539.2  1385.561520     2.6700     0.6080
  7533.8  1385.585934     1.3885     0.6194
  7528.4  1385.610348     1.9734     0.6309
  7523.0  1385.634762     1.3720     0.6426
  7517.6  1385.659176    -0.5832     0.6543
  7512.1  1385.683590    -0.6572     0.6661
  7506.7  1385.708004     1.4641     0.6781
  7501.3  1385.732418     2.8773     0.6901
  7495.9  1385.756832     1.8600     0.7023
  7490.5  1385.781247     0.7568     0.7145
  7485.1  1385.805661    -1.5100     0.7269
  7479.7  1385.830075    -2.3509     0.7394
  7474.2  1385.854489     1.4776     0.7520
  7468.8  1385.878903     3.5929     0.7647
  7463.4  1385.903317     0.5239     0.7775
  7458.0  1385.927731    -1.2116     0.7904
  7452.6  1385.952145     0.2604     0.8034
  7447.2  1385.976559     0.7211     0.8166
  7441.8  1386.000973     1.4128     0.8298
  7436.4  1386.025387     1.7272     0.8432
  7430.9  1386.049801    -0.6403     0.8567
  7425.5  1386.074215    -3.4480     0.8703
  7420.1  1386.098629    -3.9224     0.8840
  7414.7  1386.123043    -2.4659     0.8978
  7409.3  1386.147457    -0.4566     0.9118
  7403.9  1386.171872     0.7777     0.9258
  7398.5  1386.196286     0.6425     0.9400
  7393.1  1386.220700     0.4342     0.9543
  7387.7  1386.245114     0.6701     0.9687
  7382.2  1386.269528     1.7657     0.9833
  7376.8  1386.293942     0.2269     0.9979
  7371.4  1386.318356    -0.7915     1.0127
  7366.0  1386.342770     1.5818     1.0276
  7360.6  1386.367184     0.5300     1.0426
  7355.2  1386.391598    -1.7919     1.0578
  7349.8  1386.416012    -3.2294     1.0730
  7344.4  1386.440426    -4.0260     1.0884
  7339.0  1386.464840    -1.1429     1.1039
  7333.6  1386.489254    -1.3503     1.1196
  7328.2  1386.513668    -5.7318     1.1353
  7322.8  1386.538082    -6.2795     1.1512
  7317.3  1386.562497    -3.0463     1.1672
  7311.9  1386.586911    -0.8153     1.1834
  7306.5  1386.611325    -0.1092     1.1996
  7301.1  1386.635739    -2.1519     1.2160
  7295.7  1386.660153    -4.6897     1.2326
  7290.3  1386.684567    -4.8905     1.2492
  7284.9  1386.708981    -4.9706     1.2660
  7279.5  1386.733395    -4.2865     1.2829
  7274.1  1386.757809    -3.1370     1.2999
  7268.7  1386.782223    -2.1555     1.3171
  7263.3  1386.806637    -0.5513     1.3344
  7257.9  1386.831051     1.1156     1.3519
  7252.5  1386.855465     3.0601     1.3695
  7247.1  1386.879879     2.1867     1.3872
  7241.7  1386.904293    -0.1990     1.4050
  7236.3  1386.928707    -1.1897     1.4230
  7230.8  1386.953122    -2.7588     1.4411
  7225.4  1386.977536    -3.3649     1.4594
  7220.0  1387.001950    -1.5549     1.4777
  7214.6  1387.026364    -0.6935     1.4963
  7209.2  1387.050778    -0.0514     1.5149
  7203.8  1387.075192     1.2574     1.5337
  7198.4  1387.099606    -1.3844     1.5527
