Arecibo Legacy Fast ALFA Survey
http://egg.astro.cornell.edu/alfalfa/
ASCII Table format
 
Telescope:      Arecibo Radio Telescope
Instrument:     Arecibo Radio Telescope
Beam size:      3.5x3.8 [arcminutes]
Object:         AGC 131378
RA:             45.355109  (J2000) decimal degrees
DEC:            32.017476  (J2000) decimal degrees
Rest Frequency: 1.4204058e+09 [Hz]
Bandwidth:      24.975586 [MHz]
Channels:       1024
AGC#-ID:        131378
Other name:     
Detection Code:    1
Data archive at http://egg.astro.cornell.edu/alfalfa/data
Data from ALFALFA 100%
File generated by M.P. Haynes  Thu Aug 24 17:36:54 2017
This spectrum has been baseline subtracted.
Table FORMAT:  (f8.1,1x,f12.6,1x,f10.4,1x,f10.4)
 
Column descriptions:
 1. Heliocentric velocity [km/s]
 2. Radio frequency [MHz]
 3. Flux Density [mJy]
 4. Subtracted polynomial baseline fit
 
###################################################################
 
  7956.8  1383.681637    -4.8613     0.3245
  7951.3  1383.706051    -3.3667     0.3128
  7945.9  1383.730465    -1.3274     0.3015
  7940.5  1383.754879    -2.3738     0.2906
  7935.0  1383.779293    -2.7256     0.2801
  7929.6  1383.803707     0.0330     0.2700
  7924.2  1383.828122     0.2951     0.2602
  7918.7  1383.852536    -0.5839     0.2509
  7913.3  1383.876950    -0.5268     0.2418
  7907.9  1383.901364     0.1724     0.2332
  7902.5  1383.925778     1.9013     0.2249
  7897.0  1383.950192     1.9488     0.2169
  7891.6  1383.974606     1.0190     0.2092
  7886.2  1383.999020    -0.0392     0.2018
  7880.8  1384.023434    -1.1294     0.1948
  7875.3  1384.047848    -0.8038     0.1880
  7869.9  1384.072262     0.6980     0.1815
  7864.5  1384.096676     1.0073     0.1753
  7859.0  1384.121090    -0.4647     0.1694
  7853.6  1384.145504     0.5387     0.1637
  7848.2  1384.169918     2.6663     0.1583
  7842.8  1384.194332     1.6996     0.1531
  7837.3  1384.218747     0.0508     0.1482
  7831.9  1384.243161     0.7203     0.1434
  7826.5  1384.267575     1.9039     0.1390
  7821.1  1384.291989    -0.4320     0.1347
  7815.6  1384.316403    -3.0976     0.1306
  7810.2  1384.340817    -2.3615     0.1267
  7804.8  1384.365231    -1.8748     0.1231
  7799.4  1384.389645    -1.9812     0.1196
  7793.9  1384.414059    -2.3118     0.1163
  7788.5  1384.438473    -1.7858     0.1131
  7783.1  1384.462887     1.2282     0.1102
  7777.7  1384.487301     3.5427     0.1073
  7772.2  1384.511715     2.4564     0.1047
  7766.8  1384.536129    -0.0642     0.1022
  7761.4  1384.560543     0.0284     0.0998
  7756.0  1384.584957     1.3389     0.0976
  7750.6  1384.609372    -0.7171     0.0955
  7745.1  1384.633786    -2.1750     0.0935
  7739.7  1384.658200    -1.9306     0.0917
  7734.3  1384.682614    -2.2309     0.0899
  7728.9  1384.707028    -1.4841     0.0883
  7723.4  1384.731442    -0.5279     0.0868
  7718.0  1384.755856    -0.2235     0.0854
  7712.6  1384.780270    -3.2555     0.0841
  7707.2  1384.804684    -5.1394     0.0828
  7701.8  1384.829098    -3.9779     0.0817
  7696.3  1384.853512    -3.9529     0.0806
  7690.9  1384.877926    -0.8706     0.0796
  7685.5  1384.902340     2.9155     0.0787
  7680.1  1384.926754     2.8929     0.0779
  7674.7  1384.951168     3.6020     0.0771
  7669.2  1384.975582     4.2762     0.0764
  7663.8  1384.999997     2.8374     0.0757
  7658.4  1385.024411     1.5730     0.0751
  7653.0  1385.048825    -0.0494     0.0745
  7647.6  1385.073239    -1.4159     0.0740
  7642.1  1385.097653    -0.7236     0.0735
  7636.7  1385.122067    -0.6605     0.0731
  7631.3  1385.146481    -0.9663     0.0727
  7625.9  1385.170895     1.6502     0.0723
  7620.5  1385.195309     2.1148     0.0720
  7615.0  1385.219723     1.7392     0.0717
  7609.6  1385.244137     2.4889     0.0714
  7604.2  1385.268551    -0.0810     0.0711
  7598.8  1385.292965    -2.5832     0.0708
  7593.4  1385.317379    -3.5897     0.0706
  7588.0  1385.341793    -1.7488     0.0703
  7582.5  1385.366207     1.9821     0.0701
  7577.1  1385.390622     2.0361     0.0699
  7571.7  1385.415036     0.2307     0.0697
  7566.3  1385.439450    -0.9371     0.0694
  7560.9  1385.463864    -2.5939     0.0692
  7555.5  1385.488278    -2.4380     0.0690
  7550.0  1385.512692    -0.2950     0.0688
  7544.6  1385.537106    -0.1400     0.0685
  7539.2  1385.561520     0.2363     0.0683
  7533.8  1385.585934     1.7878     0.0680
  7528.4  1385.610348     1.3028     0.0678
  7523.0  1385.634762     0.0007     0.0675
  7517.6  1385.659176    -0.4133     0.0672
  7512.1  1385.683590     3.2500     0.0668
  7506.7  1385.708004     7.2273     0.0665
  7501.3  1385.732418     4.8824     0.0661
  7495.9  1385.756832     1.1574     0.0657
  7490.5  1385.781247     1.5472     0.0653
  7485.1  1385.805661     1.0441     0.0649
  7479.7  1385.830075    -2.7979     0.0644
  7474.2  1385.854489    -4.6605     0.0639
  7468.8  1385.878903    -3.1275     0.0634
  7463.4  1385.903317    -2.9432     0.0628
  7458.0  1385.927731    -3.0002     0.0622
  7452.6  1385.952145    -0.4004     0.0616
  7447.2  1385.976559     0.5699     0.0609
  7441.8  1386.000973     0.9006     0.0602
  7436.4  1386.025387     1.7192     0.0595
  7430.9  1386.049801     0.8752     0.0587
  7425.5  1386.074215     1.0415     0.0579
  7420.1  1386.098629     1.1623     0.0570
  7414.7  1386.123043     0.9056     0.0561
  7409.3  1386.147457     2.1959     0.0552
  7403.9  1386.171872     2.3721     0.0542
  7398.5  1386.196286     0.4998     0.0532
  7393.1  1386.220700    -1.5758     0.0521
  7387.7  1386.245114    -4.2066     0.0510
  7382.2  1386.269528    -5.5943     0.0499
  7376.8  1386.293942    -2.9924     0.0487
  7371.4  1386.318356    -0.7010     0.0474
  7366.0  1386.342770    -2.1289     0.0462
  7360.6  1386.367184    -3.6349     0.0448
  7355.2  1386.391598    -2.3016     0.0435
  7349.8  1386.416012     0.4727     0.0421
  7344.4  1386.440426     1.2303     0.0406
  7339.0  1386.464840     1.5975     0.0391
  7333.6  1386.489254     1.8907     0.0375
  7328.2  1386.513668     3.1376     0.0359
  7322.8  1386.538082     4.6844     0.0343
  7317.3  1386.562497     2.3350     0.0326
  7311.9  1386.586911    -0.3023     0.0309
  7306.5  1386.611325    -0.5768     0.0291
  7301.1  1386.635739    -1.0022     0.0273
  7295.7  1386.660153     0.0667     0.0254
  7290.3  1386.684567     0.2697     0.0235
  7284.9  1386.708981    -0.8182     0.0215
  7279.5  1386.733395    -0.0016     0.0195
  7274.1  1386.757809     0.8970     0.0175
  7268.7  1386.782223     1.1285     0.0154
  7263.3  1386.806637     1.0880     0.0132
  7257.9  1386.831051     0.2221     0.0111
  7252.5  1386.855465    -0.5235     0.0088
  7247.1  1386.879879     0.5101     0.0066
  7241.7  1386.904293    -0.0297     0.0042
  7236.3  1386.928707    -4.1603     0.0019
  7230.8  1386.953122    -6.3115    -0.0005
  7225.4  1386.977536    -3.2835    -0.0029
  7220.0  1387.001950    -0.7086    -0.0054
  7214.6  1387.026364    -0.2936    -0.0079
  7209.2  1387.050778    -1.8186    -0.0105
  7203.8  1387.075192    -3.7033    -0.0131
  7198.4  1387.099606     0.4966    -0.0157
  7193.0  1387.124020     4.3326    -0.0184
  7187.6  1387.148434     0.1666    -0.0211
  7182.2  1387.172848    -3.1115    -0.0239
  7176.8  1387.197262    -0.4955    -0.0267
  7171.4  1387.221676     1.7536    -0.0295
  7166.0  1387.246090     1.4567    -0.0324
  7160.6  1387.270504     1.6527    -0.0353
  7155.2  1387.294918     1.0594    -0.0382
  7149.8  1387.319332    -1.5947    -0.0412
  7144.4  1387.343747    -2.9800    -0.0441
  7139.0  1387.368161    -3.4163    -0.0472
  7133.6  1387.392575    -1.3639    -0.0502
  7128.2  1387.416989     3.7888    -0.0533
  7122.8  1387.441403     3.7185    -0.0564
  7117.4  1387.465817     2.2725    -0.0596
  7112.0  1387.490231     4.0566    -0.0628
  7106.6  1387.514645     3.3893    -0.0660
  7101.2  1387.539059     1.6436    -0.0692
  7095.8  1387.563473     2.1926    -0.0724
  7090.4  1387.587887     1.6141    -0.0757
  7085.0  1387.612301     0.9964    -0.0790
  7079.6  1387.636715     1.8392    -0.0823
  7074.2  1387.661129     1.8001    -0.0857
  7068.8  1387.685543     0.3985    -0.0891
  7063.4  1387.709957     0.5903    -0.0925
  7058.0  1387.734372     2.1437    -0.0959
  7052.6  1387.758786     0.0916    -0.0993
  7047.2  1387.783200    -0.9789    -0.1027
  7041.8  1387.807614     1.7282    -0.1062
  7036.4  1387.832028     3.0451    -0.1097
  7031.0  1387.856442     2.3437    -0.1132
  7025.6  1387.880856     1.8578    -0.1167
  7020.2  1387.905270     1.0970    -0.1202
  7014.8  1387.929684    -0.1427    -0.1238
  7009.4  1387.954098    -0.6131    -0.1273
  7004.0  1387.978512    -0.9416    -0.1309
  6998.6  1388.002926    -0.6468    -0.1344
  6993.2  1388.027340    -0.2237    -0.1380
  6987.8  1388.051754    -0.9483    -0.1416
  6982.4  1388.076168    -0.6144    -0.1452
  6977.1  1388.100582     2.6056    -0.1488
  6971.7  1388.124997     3.2358    -0.1524
  6966.3  1388.149411     1.1197    -0.1560
  6960.9  1388.173825     1.6972    -0.1596
  6955.5  1388.198239     1.3346    -0.1633
  6950.1  1388.222653     0.7420    -0.1669
  6944.7  1388.247067     2.9578    -0.1705
  6939.3  1388.271481     3.3505    -0.1741
  6933.9  1388.295895     1.5972    -0.1778
  6928.5  1388.320309    -0.0641    -0.1814
  6923.1  1388.344723    -2.5598    -0.1850
  6917.7  1388.369137    -2.8940    -0.1886
  6912.3  1388.393551    -1.2450    -0.1922
  6906.9  1388.417965    -2.3435    -0.1958
  6901.5  1388.442379    -2.5806    -0.1994
  6896.1  1388.466793     0.7785    -0.2030
  6890.7  1388.491207     1.5687    -0.2066
  6885.4  1388.515622     0.5268    -0.2102
  6880.0  1388.540036    -1.2140    -0.2137
  6874.6  1388.564450    -2.2646    -0.2173
  6869.2  1388.588864    -1.9693    -0.2208
  6863.8  1388.613278    -2.0383    -0.2244
  6858.4  1388.637692    -2.4012    -0.2279
  6853.0  1388.662106    -3.8384    -0.2314
  6847.6  1388.686520    -3.3052    -0.2349
  6842.2  1388.710934    -0.2576    -0.2383
  6836.8  1388.735348     0.3216    -0.2418
  6831.4  1388.759762    -1.6267    -0.2452
  6826.1  1388.784176    -1.7819    -0.2487
  6820.7  1388.808590    -1.5298    -0.2521
  6815.3  1388.833004    -3.7478    -0.2554
  6809.9  1388.857418    -3.8863    -0.2588
  6804.5  1388.881832    -0.5687    -0.2621
  6799.1  1388.906247     1.5601    -0.2655
  6793.7  1388.930661     2.5705    -0.2688
  6788.3  1388.955075     2.3468    -0.2720
  6782.9  1388.979489    -0.8375    -0.2753
  6777.5  1389.003903    -3.0378    -0.2785
  6772.2  1389.028317    -3.2231    -0.2817
  6766.8  1389.052731    -2.4455    -0.2849
  6761.4  1389.077145    -0.8391    -0.2880
  6756.0  1389.101559     0.6402    -0.2911
  6750.6  1389.125973     1.7364    -0.2942
  6745.2  1389.150387     2.1385    -0.2973
  6739.8  1389.174801     1.1180    -0.3003
  6734.4  1389.199215     0.6661    -0.3033
  6729.1  1389.223629     2.5067    -0.3063
  6723.7  1389.248043     1.8124    -0.3092
  6718.3  1389.272457     1.0643    -0.3121
  6712.9  1389.296872     1.2757    -0.3150
  6707.5  1389.321286    -0.6962    -0.3178
  6702.1  1389.345700    -1.6931    -0.3206
  6696.7  1389.370114    -0.4947    -0.3233
  6691.4  1389.394528     1.6941    -0.3261
  6686.0  1389.418942     1.7303    -0.3288
  6680.6  1389.443356    -1.9850    -0.3314
  6675.2  1389.467770    -4.6891    -0.3340
  6669.8  1389.492184    -3.0565    -0.3366
  6664.4  1389.516598    -0.6640    -0.3391
  6659.0  1389.541012     0.3668    -0.3416
  6653.7  1389.565426     1.8945    -0.3441
  6648.3  1389.589840     1.3665    -0.3465
  6642.9  1389.614254    -0.2149    -0.3489
  6637.5  1389.638668     1.0528    -0.3512
  6632.1  1389.663082     1.4095    -0.3535
  6626.7  1389.687497     0.5926    -0.3558
  6621.4  1389.711911    -0.3245    -0.3580
  6616.0  1389.736325    -1.4908    -0.3601
  6610.6  1389.760739    -0.8272    -0.3622
  6605.2  1389.785153     0.1497    -0.3643
  6599.8  1389.809567    -0.2834    -0.3663
  6594.4  1389.833981    -0.4149    -0.3683
  6589.1  1389.858395    -0.3035    -0.3703
  6583.7  1389.882809    -1.6660    -0.3722
  6578.3  1389.907223    -2.8734    -0.3740
  6572.9  1389.931637    -1.0344    -0.3758
  6567.5  1389.956051    -2.3999    -0.3776
  6562.2  1389.980465    -4.9018    -0.3793
  6556.8  1390.004879    -3.1929    -0.3809
  6551.4  1390.029293    -3.4527    -0.3825
  6546.0  1390.053707    -3.9081    -0.3841
  6540.6  1390.078122    -1.4199    -0.3856
  6535.3  1390.102536     0.3217    -0.3871
  6529.9  1390.126950    -0.3000    -0.3885
  6524.5  1390.151364    -0.5701    -0.3898
  6519.1  1390.175778     1.8329    -0.3912
  6513.7  1390.200192     3.9532    -0.3924
  6508.4  1390.224606     2.7476    -0.3936
  6503.0  1390.249020     0.1484    -0.3948
  6497.6  1390.273434    -0.2504    -0.3959
  6492.2  1390.297848     0.0182    -0.3970
  6486.8  1390.322262     0.0351    -0.3980
  6481.5  1390.346676     0.8642    -0.3989
  6476.1  1390.371090     0.5228    -0.3998
  6470.7  1390.395504     0.6967    -0.4007
  6465.3  1390.419918     2.4545    -0.4015
  6460.0  1390.444332     1.3537    -0.4023
  6454.6  1390.468747    -1.4135    -0.4030
  6449.2  1390.493161    -1.5611    -0.4036
  6443.8  1390.517575     1.1788    -0.4042
  6438.4  1390.541989     3.5607    -0.4047
  6433.1  1390.566403     3.5749    -0.4052
  6427.7  1390.590817     3.5279    -0.4057
  6422.3  1390.615231     4.2892    -0.4060
  6416.9  1390.639645     5.4780    -0.4064
  6411.6  1390.664059     4.2207    -0.4067
  6406.2  1390.688473    -1.6065    -0.4069
  6400.8  1390.712887    -2.8312    -0.4071
  6395.4  1390.737301     0.4662    -0.4072
  6390.1  1390.761715     1.6937    -0.4073
  6384.7  1390.786129     1.8104    -0.4073
  6379.3  1390.810543    -0.6050    -0.4072
  6373.9  1390.834957    -3.4701    -0.4071
  6368.6  1390.859372    -3.0953    -0.4070
  6363.2  1390.883786    -1.3043    -0.4068
  6357.8  1390.908200    -1.3911    -0.4066
  6352.4  1390.932614    -0.3577    -0.4063
  6347.1  1390.957028     2.4105    -0.4059
  6341.7  1390.981442     1.7259    -0.4055
  6336.3  1391.005856    -0.1460    -0.4051
  6331.0  1391.030270     0.1354    -0.4045
  6325.6  1391.054684     1.4087    -0.4040
  6320.2  1391.079098     2.5825    -0.4034
  6314.8  1391.103512     2.9956    -0.4027
  6309.5  1391.127926     0.9129    -0.4020
  6304.1  1391.152340    -3.1522    -0.4012
  6298.7  1391.176754    -3.5921    -0.4004
  6293.4  1391.201168    -0.9460    -0.3996
  6288.0  1391.225582    -0.4785    -0.3986
  6282.6  1391.249997    -1.2590    -0.3977
  6277.2  1391.274411    -1.6410    -0.3967
  6271.9  1391.298825    -1.3952    -0.3956
  6266.5  1391.323239     0.1754    -0.3945
  6261.1  1391.347653     1.1207    -0.3933
  6255.8  1391.372067     0.8665    -0.3921
  6250.4  1391.396481     0.2135    -0.3908
  6245.0  1391.420895     0.4273    -0.3895
  6239.6  1391.445309    -0.2000    -0.3882
  6234.3  1391.469723    -0.0642    -0.3868
  6228.9  1391.494137     0.6345    -0.3853
  6223.5  1391.518551    -0.5923    -0.3838
  6218.2  1391.542965    -0.6662    -0.3823
  6212.8  1391.567379     0.0130    -0.3807
  6207.4  1391.591793    -0.4129    -0.3790
  6202.1  1391.616207     0.2691    -0.3773
  6196.7  1391.640622    -0.0291    -0.3756
  6191.3  1391.665036    -0.7811    -0.3738
  6186.0  1391.689450     0.5314    -0.3720
  6180.6  1391.713864     0.9197    -0.3701
  6175.2  1391.738278    -0.9209    -0.3682
  6169.9  1391.762692    -1.3433    -0.3663
  6164.5  1391.787106     2.9402    -0.3643
  6159.1  1391.811520     5.7704    -0.3622
  6153.8  1391.835934     2.0591    -0.3601
  6148.4  1391.860348     0.6048    -0.3580
  6143.0  1391.884762     2.8950    -0.3558
  6137.7  1391.909176     1.8693    -0.3536
  6132.3  1391.933590    -0.4058    -0.3514
  6126.9  1391.958004     0.9226    -0.3491
  6121.6  1391.982418     2.6437    -0.3468
  6116.2  1392.006832     1.2215    -0.3444
  6110.8  1392.031247     0.2338    -0.3420
  6105.5  1392.055661     1.5950    -0.3396
  6100.1  1392.080075     1.5698    -0.3371
  6094.7  1392.104489     0.9723    -0.3346
  6089.4  1392.128903     1.8823    -0.3320
  6084.0  1392.153317    -0.0905    -0.3294
  6078.6  1392.177731    -4.5506    -0.3268
  6073.3  1392.202145    -3.8534    -0.3241
  6067.9  1392.226559    -0.1779    -0.3214
  6062.6  1392.250973    -0.7007    -0.3187
  6057.2  1392.275387    -1.0380    -0.3159
  6051.8  1392.299801     2.2136    -0.3131
  6046.5  1392.324215     5.2800    -0.3103
  6041.1  1392.348629     6.5494    -0.3074
  6035.7  1392.373043     7.0977    -0.3046
  6030.4  1392.397457     7.7246    -0.3016
  6025.0  1392.421872     6.3713    -0.2987
  6019.7  1392.446286     5.3138    -0.2957
  6014.3  1392.470700     7.8260    -0.2927
  6008.9  1392.495114     8.9292    -0.2896
  6003.6  1392.519528     4.3416    -0.2866
  5998.2  1392.543942     0.1995    -0.2835
  5992.8  1392.568356     3.5630    -0.2804
  5987.5  1392.592770     7.3294    -0.2772
  5982.1  1392.617184     4.6588    -0.2740
  5976.8  1392.641598     0.7802    -0.2708
  5971.4  1392.666012     1.3780    -0.2676
  5966.0  1392.690426     5.4682    -0.2644
  5960.7  1392.714840     8.0539    -0.2611
  5955.3  1392.739254     7.6547    -0.2578
  5950.0  1392.763668     7.2191    -0.2545
  5944.6  1392.788082     6.3901    -0.2512
  5939.2  1392.812497     4.3376    -0.2478
  5933.9  1392.836911     4.2004    -0.2444
  5928.5  1392.861325     7.0359    -0.2410
  5923.2  1392.885739     7.3042    -0.2376
  5917.8  1392.910153     6.1310    -0.2342
  5912.5  1392.934567     5.3446    -0.2308
  5907.1  1392.958981     3.0736    -0.2273
  5901.7  1392.983395     4.0503    -0.2238
  5896.4  1393.007809     5.0507    -0.2203
  5891.0  1393.032223     3.4381    -0.2168
  5885.7  1393.056637     3.4683    -0.2133
  5880.3  1393.081051     4.1569    -0.2098
  5874.9  1393.105465     3.9093    -0.2062
  5869.6  1393.129879     1.4708    -0.2027
  5864.2  1393.154293    -1.0850    -0.1991
  5858.9  1393.178707    -0.9997    -0.1955
  5853.5  1393.203122     1.2029    -0.1919
  5848.2  1393.227536     2.5520    -0.1883
  5842.8  1393.251950     1.7857    -0.1847
  5837.5  1393.276364     1.0393    -0.1811
  5832.1  1393.300778    -0.3985    -0.1775
  5826.7  1393.325192    -0.0533    -0.1738
  5821.4  1393.349606     0.3001    -0.1702
  5816.0  1393.374020    -0.8453    -0.1666
  5810.7  1393.398434    -0.5127    -0.1629
  5805.3  1393.422848    -1.1826    -0.1593
  5800.0  1393.447262    -1.2263    -0.1556
  5794.6  1393.471676    -0.2168    -0.1519
  5789.3  1393.496090     0.4166    -0.1483
  5783.9  1393.520504     1.5593    -0.1446
  5778.6  1393.544918     3.2453    -0.1410
  5773.2  1393.569332     2.9577    -0.1373
  5767.9  1393.593747     1.0975    -0.1337
  5762.5  1393.618161     0.2564    -0.1300
  5757.1  1393.642575    -0.1112    -0.1263
  5751.8  1393.666989    -1.2468    -0.1227
  5746.4  1393.691403    -2.9229    -0.1190
  5741.1  1393.715817    -0.1261    -0.1154
  5735.7  1393.740231     1.9729    -0.1118
  5730.4  1393.764645    -0.2947    -0.1081
  5725.0  1393.789059    -1.5334    -0.1045
  5719.7  1393.813473    -2.6969    -0.1009
  5714.3  1393.837887    -3.0158    -0.0973
  5709.0  1393.862301    -2.1147    -0.0937
  5703.6  1393.886715     0.0110    -0.0901
  5698.3  1393.911129     0.2755    -0.0865
  5692.9  1393.935543    -0.3262    -0.0829
  5687.6  1393.959957    -1.6325    -0.0793
  5682.2  1393.984372    -3.7711    -0.0758
  5676.9  1394.008786    -0.7820    -0.0723
  5671.5  1394.033200     0.8492    -0.0687
  5666.2  1394.057614    -0.6383    -0.0652
  5660.8  1394.082028    -0.7952    -0.0617
  5655.5  1394.106442    -3.6570    -0.0582
  5650.1  1394.130856    -5.2741    -0.0547
  5644.8  1394.155270    -0.8350    -0.0513
  5639.4  1394.179684     3.9157    -0.0479
  5634.1  1394.204098     3.2265    -0.0444
  5628.7  1394.228512     1.4135    -0.0410
  5623.4  1394.252926     1.5255    -0.0376
  5618.0  1394.277340     0.6299    -0.0343
  5612.7  1394.301754     0.3780    -0.0309
  5607.3  1394.326168     2.4235    -0.0276
  5602.0  1394.350582     1.5361    -0.0243
  5596.6  1394.374997    -0.6020    -0.0210
  5591.3  1394.399411    -0.1328    -0.0177
  5586.0  1394.423825     0.6379    -0.0145
  5580.6  1394.448239     1.9804    -0.0113
  5575.3  1394.472653     2.9772    -0.0081
  5569.9  1394.497067     2.2743    -0.0049
  5564.6  1394.521481     0.6102    -0.0018
  5559.2  1394.545895     0.4381     0.0013
  5553.9  1394.570309     2.3859     0.0044
  5548.5  1394.594723     1.3131     0.0075
  5543.2  1394.619137    -2.7504     0.0105
  5537.8  1394.643551    -1.5965     0.0136
  5532.5  1394.667965     2.0810     0.0165
  5527.2  1394.692379     1.2562     0.0195
  5521.8  1394.716793    -0.6277     0.0224
  5516.5  1394.741207    -1.2379     0.0253
  5511.1  1394.765622    -0.6725     0.0282
  5505.8  1394.790036     0.7219     0.0310
  5500.4  1394.814450     2.1051     0.0338
  5495.1  1394.838864     1.9108     0.0366
  5489.7  1394.863278    -0.7065     0.0394
  5484.4  1394.887692    -1.4152     0.0421
  5479.1  1394.912106    -1.5285     0.0447
  5473.7  1394.936520    -3.5907     0.0474
  5468.4  1394.960934    -5.4459     0.0500
  5463.0  1394.985348    -3.9503     0.0526
  5457.7  1395.009762    -0.9519     0.0551
  5452.3  1395.034176    -0.6410     0.0576
  5447.0  1395.058590     0.0977     0.0601
  5441.7  1395.083004     2.0146     0.0625
  5436.3  1395.107418     3.0474     0.0649
  5431.0  1395.131832     4.0281     0.0673
  5425.6  1395.156247     3.6969     0.0696
  5420.3  1395.180661     1.9372     0.0719
  5415.0  1395.205075     1.1227     0.0741
  5409.6  1395.229489     2.5618     0.0763
  5404.3  1395.253903     2.5709     0.0785
  5398.9  1395.278317     0.2369     0.0806
  5393.6  1395.302731    -0.5656     0.0827
  5388.3  1395.327145    -1.6989     0.0847
  5382.9  1395.351559    -2.2864     0.0867
  5377.6  1395.375973    -0.9067     0.0887
  5372.2  1395.400387    -0.7781     0.0906
  5366.9  1395.424801    -0.1847     0.0925
  5361.6  1395.449215     0.6909     0.0943
  5356.2  1395.473629    -1.5978     0.0961
  5350.9  1395.498043    -2.4958     0.0979
  5345.5  1395.522457    -0.6170     0.0996
  5340.2  1395.546872    -0.1492     0.1013
  5334.9  1395.571286     0.6600     0.1029
  5329.5  1395.595700     1.9565     0.1045
  5324.2  1395.620114     0.1475     0.1060
  5318.9  1395.644528    -1.1496     0.1075
  5313.5  1395.668942     1.5944     0.1090
  5308.2  1395.693356     2.7533     0.1104
  5302.8  1395.717770    -0.0736     0.1117
  5297.5  1395.742184    -0.9144     0.1130
  5292.2  1395.766598     1.2876     0.1143
  5286.8  1395.791012     2.7835     0.1155
  5281.5  1395.815426     2.8112     0.1167
  5276.2  1395.839840     3.2154     0.1178
  5270.8  1395.864254     3.0456     0.1189
  5265.5  1395.888668     1.0424     0.1199
  5260.2  1395.913082     0.4392     0.1209
  5254.8  1395.937497     2.2137     0.1219
  5249.5  1395.961911     1.8680     0.1228
  5244.2  1395.986325    -0.6346     0.1236
  5238.8  1396.010739     0.1211     0.1244
  5233.5  1396.035153     1.3168     0.1251
  5228.1  1396.059567     1.1541     0.1259
  5222.8  1396.083981     2.4875     0.1265
  5217.5  1396.108395     3.8010     0.1271
  5212.1  1396.132809     2.2847     0.1277
  5206.8  1396.157223    -2.5552     0.1282
  5201.5  1396.181637    -2.8498     0.1286
  5196.1  1396.206051     0.1437     0.1291
  5190.8  1396.230465    -0.7564     0.1294
  5185.5  1396.254879    -0.6436     0.1297
  5180.1  1396.279293     0.3267     0.1300
  5174.8  1396.303707     2.1066     0.1302
  5169.5  1396.328122     4.4899     0.1304
  5164.2  1396.352536     2.7156     0.1305
  5158.8  1396.376950     0.5844     0.1306
  5153.5  1396.401364     2.2331     0.1306
  5148.2  1396.425778     3.8971     0.1306
  5142.8  1396.450192     2.7631     0.1305
  5137.5  1396.474606    -1.4414     0.1304
  5132.2  1396.499020    -4.6073     0.1302
  5126.8  1396.523434    -2.0297     0.1300
  5121.5  1396.547848    -0.7451     0.1298
  5116.2  1396.572262    -2.2007     0.1294
  5110.8  1396.596676    -0.3530     0.1291
  5105.5  1396.621090    -0.1755     0.1287
  5100.2  1396.645504    -1.1954     0.1282
  5094.9  1396.669918     0.3325     0.1277
  5089.5  1396.694332    -1.4158     0.1271
  5084.2  1396.718747    -4.0585     0.1265
  5078.9  1396.743161    -0.7551     0.1259
  5073.5  1396.767575     3.0730     0.1252
  5068.2  1396.791989     1.7274     0.1244
  5062.9  1396.816403     0.5426     0.1236
  5057.6  1396.840817     0.3525     0.1228
  5052.2  1396.865231     0.2322     0.1219
  5046.9  1396.889645     1.1165     0.1209
  5041.6  1396.914059     0.2518     0.1200
  5036.2  1396.938473    -1.0787     0.1189
  5030.9  1396.962887    -0.7568     0.1178
  5025.6  1396.987301    -0.5778     0.1167
  5020.3  1397.011715    -1.7145     0.1155
  5014.9  1397.036129    -3.5318     0.1143
  5009.6  1397.060543    -4.8280     0.1131
  5004.3  1397.084957    -3.4471     0.1117
  4999.0  1397.109372    -1.4169     0.1104
  4993.6  1397.133786    -1.4203     0.1090
  4988.3  1397.158200    -1.4423     0.1075
  4983.0  1397.182614    -1.4766     0.1061
  4977.6  1397.207028    -1.0773     0.1045
  4972.3  1397.231442     0.0308     0.1029
  4967.0  1397.255856     0.3768     0.1013
  4961.7  1397.280270    -1.0672     0.0996
  4956.3  1397.304684    -3.2015     0.0979
  4951.0  1397.329098    -3.0219     0.0962
  4945.7  1397.353512    -1.0570     0.0944
  4940.4  1397.377926    -0.5763     0.0925
  4935.1  1397.402340    -1.5439     0.0907
  4929.7  1397.426754    -1.9659     0.0887
  4924.4  1397.451168    -0.9115     0.0868
  4919.1  1397.475582     0.8391     0.0848
  4913.8  1397.499997    -0.3692     0.0827
  4908.4  1397.524411    -3.8237     0.0806
  4903.1  1397.548825    -4.1764     0.0785
  4897.8  1397.573239    -1.6452     0.0763
  4892.5  1397.597653     1.3267     0.0741
  4887.1  1397.622067     4.0670     0.0719
  4881.8  1397.646481     4.3479     0.0696
  4876.5  1397.670895     2.5701     0.0673
  4871.2  1397.695309     1.7297     0.0649
  4865.9  1397.719723     1.8754     0.0625
  4860.5  1397.744137     0.9619     0.0601
  4855.2  1397.768551    -1.2501     0.0576
  4849.9  1397.792965    -2.0600     0.0551
  4844.6  1397.817379    -2.8044     0.0526
  4839.3  1397.841793    -1.5573     0.0500
  4833.9  1397.866207     1.2907     0.0474
  4828.6  1397.890622     1.1626     0.0447
  4823.3  1397.915036    -1.2902     0.0421
  4818.0  1397.939450    -2.3000     0.0393
  4812.7  1397.963864    -0.5214     0.0366
  4807.3  1397.988278    -0.1496     0.0338
  4802.0  1398.012692    -2.3596     0.0310
  4796.7  1398.037106    -2.7827     0.0282
  4791.4  1398.061520    -0.4726     0.0253
  4786.1  1398.085934     1.4833     0.0224
  4780.7  1398.110348    -0.8228     0.0195
  4775.4  1398.134762    -4.1142     0.0165
  4770.1  1398.159176    -3.2313     0.0135
  4764.8  1398.183590     0.8458     0.0105
  4759.5  1398.208004     3.1917     0.0075
  4754.1  1398.232418     2.0393     0.0044
  4748.8  1398.256832    -0.9138     0.0013
  4743.5  1398.281247    -3.9157    -0.0018
  4738.2  1398.305661    -3.3753    -0.0049
  4732.9  1398.330075     0.5307    -0.0081
  4727.6  1398.354489     2.3241    -0.0113
  4722.2  1398.378903     1.0809    -0.0145
  4716.9  1398.403317     0.0502    -0.0178
  4711.6  1398.427731    -1.7170    -0.0210
  4706.3  1398.452145    -4.0479    -0.0243
  4701.0  1398.476559    -3.3956    -0.0276
  4695.7  1398.500973     0.1603    -0.0309
  4690.3  1398.525387     2.1158    -0.0343
  4685.0  1398.549801     0.5193    -0.0376
  4679.7  1398.574215    -0.7101    -0.0410
  4674.4  1398.598629     0.7978    -0.0444
  4669.1  1398.623043     1.7729    -0.0478
  4663.8  1398.647457     0.3216    -0.0513
  4658.5  1398.671872    -0.7972    -0.0547
  4653.1  1398.696286    -0.2953    -0.0582
  4647.8  1398.720700     1.0185    -0.0617
  4642.5  1398.745114     2.2900    -0.0651
  4637.2  1398.769528     1.8912    -0.0687
  4631.9  1398.793942     0.5655    -0.0722
  4626.6  1398.818356     1.5013    -0.0757
  4621.3  1398.842770     0.7550    -0.0792
  4616.0  1398.867184    -0.8758    -0.0828
  4610.6  1398.891598     1.5280    -0.0864
  4605.3  1398.916012     3.1460    -0.0899
  4600.0  1398.940426     1.8322    -0.0935
  4594.7  1398.964840    -1.1947    -0.0971
  4589.4  1398.989254    -2.2448    -0.1007
  4584.1  1399.013668    -1.1493    -0.1043
  4578.8  1399.038082    -2.9098    -0.1079
  4573.5  1399.062497    -4.0690    -0.1115
  4568.1  1399.086911    -2.7184    -0.1151
  4562.8  1399.111325    -3.6540    -0.1187
  4557.5  1399.135739    -3.5023    -0.1224
  4552.2  1399.160153    -0.4182    -0.1260
  4546.9  1399.184567    -0.4794    -0.1296
  4541.6  1399.208981    -0.7459    -0.1332
  4536.3  1399.233395     0.6829    -0.1369
  4531.0  1399.257809     0.2972    -0.1405
  4525.7  1399.282223    -0.3653    -0.1441
  4520.4  1399.306637     1.0876    -0.1477
  4515.0  1399.331051     2.2506    -0.1514
  4509.7  1399.355465     4.1601    -0.1550
  4504.4  1399.379879     3.9992    -0.1586
  4499.1  1399.404293     1.7196    -0.1622
  4493.8  1399.428707     0.9852    -0.1658
  4488.5  1399.453122     1.6846    -0.1694
  4483.2  1399.477536     3.3325    -0.1730
  4477.9  1399.501950    -0.5913    -0.1766
  4472.6  1399.526364    -6.8643    -0.1802
  4467.3  1399.550778    -5.8648    -0.1837
  4462.0  1399.575192    -0.8676    -0.1873
  4456.7  1399.599606     2.5056    -0.1908
  4451.3  1399.624020     4.2405    -0.1943
  4446.0  1399.648434     5.0932    -0.1979
  4440.7  1399.672848     5.0912    -0.2014
  4435.4  1399.697262     2.4555    -0.2049
  4430.1  1399.721676    -0.8238    -0.2083
  4424.8  1399.746090     0.2557    -0.2118
  4419.5  1399.770504     0.1571    -0.2153
  4414.2  1399.794918    -0.2592    -0.2187
  4408.9  1399.819332     2.2441    -0.2221
  4403.6  1399.843747     3.1559    -0.2255
  4398.3  1399.868161     1.9067    -0.2289
  4393.0  1399.892575     1.1445    -0.2322
  4387.7  1399.916989     1.2807    -0.2356
  4382.4  1399.941403    -0.9341    -0.2389
  4377.1  1399.965817    -3.7128    -0.2422
  4371.8  1399.990231    -0.8473    -0.2455
  4366.5  1400.014645     1.4795    -0.2487
  4361.2  1400.039059    -0.6247    -0.2520
  4355.8  1400.063473    -0.2421    -0.2552
  4350.5  1400.087887     1.4992    -0.2584
  4345.2  1400.112301     0.1732    -0.2615
  4339.9  1400.136715    -1.4165    -0.2646
  4334.6  1400.161129    -0.9362    -0.2677
  4329.3  1400.185543     1.1663    -0.2708
  4324.0  1400.209957     1.3970    -0.2739
  4318.7  1400.234372    -0.3771    -0.2769
  4313.4  1400.258786    -1.8042    -0.2799
  4308.1  1400.283200    -1.2106    -0.2828
  4302.8  1400.307614     2.4625    -0.2858
  4297.5  1400.332028     4.5907    -0.2887
  4292.2  1400.356442     3.8918    -0.2915
  4286.9  1400.380856     2.1146    -0.2944
  4281.6  1400.405270    -0.1891    -0.2972
  4276.3  1400.429684    -1.5320    -0.2999
  4271.0  1400.454098    -2.0009    -0.3026
  4265.7  1400.478512    -1.7266    -0.3053
  4260.4  1400.502926    -0.4500    -0.3080
  4255.1  1400.527340     0.9523    -0.3106
  4249.8  1400.551754     1.8600    -0.3132
  4244.5  1400.576168     3.0959    -0.3157
  4239.2  1400.600582     2.6126    -0.3183
  4233.9  1400.624997     2.0528    -0.3207
  4228.6  1400.649411     2.7138    -0.3232
  4223.3  1400.673825     0.2717    -0.3255
  4218.0  1400.698239    -3.3911    -0.3279
  4212.7  1400.722653    -1.4603    -0.3302
  4207.4  1400.747067     1.7922    -0.3325
  4202.1  1400.771481    -0.4195    -0.3347
  4196.8  1400.795895    -3.1853    -0.3369
  4191.5  1400.820309    -1.9996    -0.3390
  4186.2  1400.844723     1.2536    -0.3411
  4180.9  1400.869137     2.8133    -0.3431
  4175.6  1400.893551    -0.5635    -0.3451
  4170.3  1400.917965    -4.3814    -0.3471
  4165.0  1400.942379    -4.7069    -0.3490
  4159.7  1400.966793    -3.0125    -0.3509
  4154.4  1400.991207    -1.2950    -0.3527
  4149.1  1401.015622    -1.1065    -0.3545
  4143.8  1401.040036    -1.6739    -0.3562
  4138.6  1401.064450    -0.3654    -0.3579
  4133.3  1401.088864     1.9964    -0.3595
  4128.0  1401.113278     0.8515    -0.3611
  4122.7  1401.137692    -0.0822    -0.3626
  4117.4  1401.162106     2.4568    -0.3641
  4112.1  1401.186520     4.5676    -0.3655
  4106.8  1401.210934     4.2452    -0.3668
  4101.5  1401.235348     0.8308    -0.3682
  4096.2  1401.259762    -0.1379    -0.3694
  4090.9  1401.284176     1.7665    -0.3706
  4085.6  1401.308590     1.2835    -0.3718
  4080.3  1401.333004    -0.5626    -0.3729
  4075.0  1401.357418    -0.2800    -0.3740
  4069.7  1401.381832     0.2446    -0.3750
  4064.4  1401.406247    -3.0617    -0.3759
  4059.1  1401.430661    -6.0892    -0.3768
  4053.8  1401.455075    -2.7622    -0.3777
  4048.5  1401.479489     2.4457    -0.3784
  4043.3  1401.503903     2.7958    -0.3792
  4038.0  1401.528317    -1.0131    -0.3798
  4032.7  1401.552731    -3.0734    -0.3805
  4027.4  1401.577145    -2.0096    -0.3810
  4022.1  1401.601559     0.4752    -0.3815
  4016.8  1401.625973     1.7409    -0.3820
  4011.5  1401.650387    -1.0874    -0.3823
  4006.2  1401.674801    -4.1332    -0.3827
  4000.9  1401.699215    -4.0670    -0.3829
  3995.6  1401.723629    -2.6720    -0.3832
  3990.3  1401.748043     0.6351    -0.3833
  3985.0  1401.772457     3.4428    -0.3834
  3979.8  1401.796872     2.5041    -0.3835
  3974.5  1401.821286     1.3201    -0.3834
  3969.2  1401.845700    -0.1386    -0.3834
  3963.9  1401.870114    -3.4486    -0.3832
  3958.6  1401.894528    -3.4546    -0.3830
  3953.3  1401.918942     1.2472    -0.3828
  3948.0  1401.943356     5.1557    -0.3825
  3942.7  1401.967770     5.0694    -0.3821
  3937.4  1401.992184    -0.0145    -0.3817
  3932.1  1402.016598    -6.2172    -0.3812
  3926.9  1402.041012    -5.0049    -0.3806
  3921.6  1402.065426     0.8434    -0.3800
  3916.3  1402.089840     3.1013    -0.3793
  3911.0  1402.114254     1.6224    -0.3786
  3905.7  1402.138668     0.3831    -0.3778
  3900.4  1402.163082     1.5159    -0.3770
  3895.1  1402.187497     2.9516    -0.3761
  3889.8  1402.211911     2.6978    -0.3751
  3884.6  1402.236325     2.7039    -0.3741
  3879.3  1402.260739     2.9307    -0.3730
  3874.0  1402.285153     1.7257    -0.3718
  3868.7  1402.309567    -0.3020    -0.3706
  3863.4  1402.333981    -0.3291    -0.3694
  3858.1  1402.358395     2.4367    -0.3680
  3852.8  1402.382809     3.7814    -0.3667
  3847.5  1402.407223     1.2671    -0.3652
  3842.3  1402.431637    -1.2436    -0.3637
  3837.0  1402.456051    -1.2592    -0.3622
  3831.7  1402.480465    -1.6557    -0.3605
  3826.4  1402.504879    -1.7363    -0.3589
  3821.1  1402.529293    -2.1355    -0.3571
  3815.8  1402.553707    -4.2868    -0.3554
  3810.5  1402.578122    -5.3995    -0.3535
  3805.3  1402.602536    -4.1925    -0.3516
  3800.0  1402.626950     0.4579    -0.3496
  3794.7  1402.651364     4.1860    -0.3476
  3789.4  1402.675778     2.8609    -0.3456
  3784.1  1402.700192     1.3020    -0.3434
  3778.8  1402.724606     0.9152    -0.3412
  3773.6  1402.749020    -0.0577    -0.3390
  3768.3  1402.773434    -1.0852    -0.3367
  3763.0  1402.797848    -0.5142    -0.3344
  3757.7  1402.822262     2.2419    -0.3320
  3752.4  1402.846676     2.1660    -0.3295
  3747.1  1402.871090     0.8833    -0.3270
  3741.9  1402.895504     1.9687    -0.3244
  3736.6  1402.919918     1.5124    -0.3218
  3731.3  1402.944332    -1.0549    -0.3191
  3726.0  1402.968747    -1.6148    -0.3164
  3720.7  1402.993161     0.4132    -0.3137
  3715.5  1403.017575     0.5080    -0.3108
  3710.2  1403.041989    -0.2923    -0.3080
  3704.9  1403.066403     3.4562    -0.3050
  3699.6  1403.090817     5.1719    -0.3021
  3694.3  1403.115231     0.5029    -0.2991
  3689.0  1403.139645    -1.6677    -0.2960
  3683.8  1403.164059     0.1225    -0.2929
  3678.5  1403.188473     2.1932    -0.2897
  3673.2  1403.212887     3.4578    -0.2865
  3667.9  1403.237301     3.3250    -0.2833
  3662.6  1403.261715     2.4745    -0.2800
  3657.4  1403.286129     0.2749    -0.2767
  3652.1  1403.310543    -2.2205    -0.2733
  3646.8  1403.334957    -3.1193    -0.2699
  3641.5  1403.359372    -2.6291    -0.2664
  3636.3  1403.383786    -2.4618    -0.2629
  3631.0  1403.408200    -3.4442    -0.2593
  3625.7  1403.432614    -2.8702    -0.2558
  3620.4  1403.457028    -1.2441    -0.2521
  3615.1  1403.481442    -0.9060    -0.2485
  3609.9  1403.505856     1.1389    -0.2448
  3604.6  1403.530270     1.7985    -0.2410
  3599.3  1403.554684    -2.0643    -0.2373
  3594.0  1403.579098    -3.1962    -0.2335
  3588.8  1403.603512    -1.2880    -0.2296
  3583.5  1403.627926    -1.3707    -0.2258
  3578.2  1403.652340    -2.2219    -0.2219
  3572.9  1403.676754    -2.4370    -0.2179
  3567.6  1403.701168    -0.8622    -0.2140
  3562.4  1403.725582     1.1239    -0.2100
  3557.1  1403.749997     0.9433    -0.2059
  3551.8  1403.774411    -0.4529    -0.2019
  3546.5  1403.798825    -0.9290    -0.1978
  3541.3  1403.823239     0.9417    -0.1937
  3536.0  1403.847653     2.0385    -0.1896
  3530.7  1403.872067     1.2576    -0.1855
  3525.4  1403.896481     1.0184    -0.1813
  3520.2  1403.920895    -0.9401    -0.1771
  3514.9  1403.945309    -2.8889    -0.1729
  3509.6  1403.969723    -2.6795    -0.1687
  3504.3  1403.994137    -1.9990    -0.1644
  3499.1  1404.018551    -2.3945    -0.1602
  3493.8  1404.042965    -3.7635    -0.1559
  3488.5  1404.067379    -2.3062    -0.1516
  3483.3  1404.091793     3.0429    -0.1473
  3478.0  1404.116207     3.6355    -0.1430
  3472.7  1404.140622     1.4186    -0.1386
  3467.4  1404.165036     2.1565    -0.1343
  3462.2  1404.189450     0.1626    -0.1300
  3456.9  1404.213864    -1.9947    -0.1256
  3451.6  1404.238278    -0.8820    -0.1212
  3446.3  1404.262692    -0.9744    -0.1169
  3441.1  1404.287106    -2.1427    -0.1125
  3435.8  1404.311520    -1.1449    -0.1081
  3430.5  1404.335934     0.1176    -0.1038
  3425.3  1404.360348    -0.4999    -0.0994
  3420.0  1404.384762    -1.0583    -0.0950
  3414.7  1404.409176    -2.9161    -0.0907
  3409.4  1404.433590    -3.9662    -0.0863
  3404.2  1404.458004    -1.7548    -0.0820
  3398.9  1404.482418     0.6847    -0.0776
  3393.6  1404.506832     2.1055    -0.0733
  3388.4  1404.531247     0.2452    -0.0689
  3383.1  1404.555661    -1.5606    -0.0646
  3377.8  1404.580075    -0.7471    -0.0603
  3372.6  1404.604489    -0.6382    -0.0560
  3367.3  1404.628903     0.9632    -0.0518
  3362.0  1404.653317     1.9776    -0.0475
  3356.7  1404.677731     1.3514    -0.0433
  3351.5  1404.702145     0.0572    -0.0390
  3346.2  1404.726559    -2.5908    -0.0348
  3340.9  1404.750973    -0.2235    -0.0307
  3335.7  1404.775387     4.7035    -0.0265
  3330.4  1404.799801     3.7954    -0.0224
  3325.1  1404.824215     3.7911    -0.0183
  3319.9  1404.848629     6.4208    -0.0142
  3314.6  1404.873043     4.0196    -0.0102
  3309.3  1404.897457    -0.4432    -0.0062
  3304.1  1404.921872    -1.5736    -0.0022
  3298.8  1404.946286    -1.6332     0.0017
  3293.5  1404.970700    -2.1950     0.0057
  3288.3  1404.995114    -3.0414     0.0095
  3283.0  1405.019528    -3.0764     0.0133
  3277.7  1405.043942    -1.7297     0.0171
  3272.5  1405.068356    -0.0210     0.0209
  3267.2  1405.092770     0.1943     0.0246
  3261.9  1405.117184    -1.2187     0.0282
  3256.7  1405.141598    -1.7450     0.0318
  3251.4  1405.166012    -1.0127     0.0354
  3246.1  1405.190426    -0.4989     0.0389
  3240.9  1405.214840    -2.4610     0.0423
  3235.6  1405.239254    -5.4660     0.0457
  3230.3  1405.263668    -3.2165     0.0491
  3225.1  1405.288082     2.7193     0.0524
  3219.8  1405.312497     3.4415     0.0556
  3214.6  1405.336911    -0.2571     0.0588
  3209.3  1405.361325    -0.2235     0.0619
  3204.0  1405.385739     0.2240     0.0649
  3198.8  1405.410153    -0.6582     0.0679
  3193.5  1405.434567     1.1677     0.0708
  3188.2  1405.458981     1.1603     0.0736
  3183.0  1405.483395    -0.3705     0.0764
  3177.7  1405.507809     0.4493     0.0791
  3172.4  1405.532223     1.2012     0.0817
  3167.2  1405.556637     2.3598     0.0843
  3161.9  1405.581051     1.0461     0.0867
  3156.7  1405.605465    -3.1789     0.0891
  3151.4  1405.629879    -1.5818     0.0915
  3146.1  1405.654293     2.3861     0.0937
  3140.9  1405.678707     1.5526     0.0958
  3135.6  1405.703122    -0.2318     0.0979
  3130.4  1405.727536    -0.3466     0.0999
  3125.1  1405.751950     1.2343     0.1018
  3119.8  1405.776364     3.5239     0.1036
  3114.6  1405.800778     2.2182     0.1053
  3109.3  1405.825192    -0.6385     0.1069
  3104.0  1405.849606    -0.9194     0.1084
  3098.8  1405.874020     0.4980     0.1098
  3093.5  1405.898434     3.6495     0.1112
  3088.3  1405.922848     4.1078     0.1124
  3083.0  1405.947262     0.1809     0.1135
  3077.8  1405.971676    -0.7607     0.1145
  3072.5  1405.996090     1.4146     0.1155
  3067.2  1406.020504    -0.2181     0.1163
  3062.0  1406.044918    -2.1637     0.1170
  3056.7  1406.069332    -1.0542     0.1176
  3051.5  1406.093747    -2.0341     0.1181
  3046.2  1406.118161    -2.2361     0.1185
  3040.9  1406.142575    -0.3427     0.1187
  3035.7  1406.166989    -0.9982     0.1189
  3030.4  1406.191403    -1.8683     0.1189
  3025.2  1406.215817    -0.9702     0.1188
  3019.9  1406.240231     0.8221     0.1186
  3014.7  1406.264645     2.7741     0.1183
  3009.4  1406.289059     3.7124     0.1178
  3004.1  1406.313473     2.4467     0.1173
  2998.9  1406.337887     1.2470     0.1166
  2993.6  1406.362301     0.0502     0.1157
  2988.4  1406.386715    -1.3973     0.1148
  2983.1  1406.411129     0.6769     0.1137
  2977.9  1406.435543     3.6667     0.1125
  2972.6  1406.459957     1.7340     0.1112
  2967.3  1406.484372    -1.6855     0.1097
  2962.1  1406.508786    -0.8168     0.1081
  2956.8  1406.533200     1.1709     0.1063
  2951.6  1406.557614     0.8125     0.1045
  2946.3  1406.582028    -0.1683     0.1024
  2941.1  1406.606442    -2.0793     0.1003
  2935.8  1406.630856    -3.8733     0.0980
  2930.6  1406.655270    -1.1562     0.0955
  2925.3  1406.679684     3.2931     0.0930
  2920.1  1406.704098     2.9077     0.0902
  2914.8  1406.728512     1.2471     0.0874
  2909.5  1406.752926     2.1290     0.0843
  2904.3  1406.777340     2.1081     0.0812
  2899.0  1406.801754    -0.3627     0.0779
  2893.8  1406.826168     0.4995     0.0744
  2888.5  1406.850582     3.9590     0.0708
  2883.3  1406.874997     3.6611     0.0670
  2878.0  1406.899411     1.1930     0.0631
  2872.8  1406.923825    -0.4752     0.0591
  2867.5  1406.948239    -0.1120     0.0548
  2862.3  1406.972653    -0.1347     0.0505
  2857.0  1406.997067    -1.7964     0.0459
  2851.8  1407.021481    -1.6569     0.0412
  2846.5  1407.045895    -0.5524     0.0364
  2841.3  1407.070309    -1.3836     0.0314
  2836.0  1407.094723    -2.9623     0.0262
  2830.8  1407.119137    -2.8248     0.0209
  2825.5  1407.143551    -2.0065     0.0155
  2820.3  1407.167965    -1.8319     0.0098
  2815.0  1407.192379    -2.3688     0.0040
  2809.8  1407.216793    -1.0117    -0.0019
  2804.5  1407.241207     0.9214    -0.0080
  2799.3  1407.265622    -0.2119    -0.0143
  2794.0  1407.290036    -1.2883    -0.0207
  2788.8  1407.314450    -2.4343    -0.0273
  2783.5  1407.338864    -3.5322    -0.0341
  2778.3  1407.363278    -0.8335    -0.0410
  2773.0  1407.387692     1.9142    -0.0481
  2767.8  1407.412106     0.2144    -0.0553
  2762.5  1407.436520    -1.1793    -0.0627
  2757.3  1407.460934     0.9119    -0.0703
  2752.0  1407.485348     1.7212    -0.0780
  2746.8  1407.509762     0.2694    -0.0859
  2741.5  1407.534176    -0.2589    -0.0940
  2736.3  1407.558590     0.8798    -0.1022
  2731.0  1407.583004    -0.0472    -0.1106
  2725.8  1407.607418    -1.8844    -0.1191
  2720.5  1407.631832    -2.2556    -0.1278
  2715.3  1407.656247    -1.5145    -0.1367
  2710.1  1407.680661     1.6556    -0.1457
  2704.8  1407.705075     2.1460    -0.1548
  2699.6  1407.729489    -1.0014    -0.1642
  2694.3  1407.753903    -0.1219    -0.1737
  2689.1  1407.778317     1.9060    -0.1833
  2683.8  1407.802731     1.9866    -0.1931
  2678.6  1407.827145     1.3144    -0.2031
  2673.3  1407.851559    -0.9878    -0.2132
  2668.1  1407.875973    -1.6927    -0.2235
  2662.8  1407.900387     0.9901    -0.2339
  2657.6  1407.924801     2.5897    -0.2444
  2652.4  1407.949215     1.0349    -0.2552
  2647.1  1407.973629    -1.0434    -0.2660
  2641.9  1407.998043    -0.2944    -0.2770
  2636.6  1408.022457     0.7083    -0.2882
  2631.4  1408.046872    -0.0863    -0.2995
  2626.1  1408.071286    -0.0024    -0.3109
  2620.9  1408.095700     2.0750    -0.3225
  2615.6  1408.120114     2.7640    -0.3342
  2610.4  1408.144528     0.3647    -0.3461
  2605.2  1408.168942    -2.5054    -0.3581
  2599.9  1408.193356    -3.5088    -0.3702
  2594.7  1408.217770    -2.2522    -0.3825
  2589.4  1408.242184    -1.0034    -0.3949
  2584.2  1408.266598    -0.4182    -0.4074
  2578.9  1408.291012    -0.9249    -0.4200
  2573.7  1408.315426    -0.6733    -0.4328
  2568.5  1408.339840     1.2260    -0.4457
  2563.2  1408.364254     1.6797    -0.4587
  2558.0  1408.388668    -0.4469    -0.4718
  2552.7  1408.413082    -1.5912    -0.4850
  2547.5  1408.437497    -0.2663    -0.4983
  2542.3  1408.461911     0.7845    -0.5118
  2537.0  1408.486325     0.5656    -0.5253
  2531.8  1408.510739     0.1933    -0.5390
  2526.5  1408.535153     0.1219    -0.5527
  2521.3  1408.559567     0.2584    -0.5665
  2516.1  1408.583981     1.3394    -0.5805
  2510.8  1408.608395     0.4458    -0.5945
  2505.6  1408.632809    -0.6075    -0.6086
  2500.3  1408.657223    -1.1866    -0.6227
