Arecibo Legacy Fast ALFA Survey
http://egg.astro.cornell.edu/alfalfa/
ASCII Table format
 
Telescope:      Arecibo Radio Telescope
Instrument:     Arecibo Radio Telescope
Beam size:      3.5x3.8 [arcminutes]
Object:         AGC 132238
RA:             45.287926  (J2000) decimal degrees
DEC:            36.161691  (J2000) decimal degrees
Rest Frequency: 1.4204058e+09 [Hz]
Bandwidth:      24.975586 [MHz]
Channels:       1024
AGC#-ID:        132238
Other name:     
Detection Code:    1
Data archive at http://egg.astro.cornell.edu/alfalfa/data
Data from ALFALFA 100%
File generated by M.P. Haynes  Thu Aug 24 17:36:54 2017
This spectrum has been baseline subtracted.
Table FORMAT:  (f8.1,1x,f12.6,1x,f10.4,1x,f10.4)
 
Column descriptions:
 1. Heliocentric velocity [km/s]
 2. Radio frequency [MHz]
 3. Flux Density [mJy]
 4. Subtracted polynomial baseline fit
 
###################################################################
 
 12827.3  1362.124020     4.4867    -1.4255
 12821.7  1362.148434     2.9724    -1.4040
 12816.1  1362.172848     0.2722    -1.3827
 12810.5  1362.197262     1.5754    -1.3615
 12804.9  1362.221676     3.1240    -1.3404
 12799.3  1362.246090     0.7195    -1.3195
 12793.7  1362.270504    -4.5394    -1.2988
 12788.1  1362.294918    -5.9807    -1.2782
 12782.5  1362.319332    -1.5205    -1.2578
 12776.9  1362.343747     1.4258    -1.2376
 12771.3  1362.368161     2.0615    -1.2175
 12765.7  1362.392575     0.9661    -1.1975
 12760.1  1362.416989    -1.1725    -1.1777
 12754.5  1362.441403    -1.8375    -1.1580
 12748.9  1362.465817    -0.5305    -1.1385
 12743.3  1362.490231     0.4380    -1.1192
 12737.7  1362.514645     2.7427    -1.1000
 12732.1  1362.539059     3.7879    -1.0809
 12726.5  1362.563473     1.3524    -1.0620
 12720.9  1362.587887    -0.8426    -1.0432
 12715.3  1362.612301    -1.1233    -1.0246
 12709.7  1362.636715    -0.7588    -1.0062
 12704.1  1362.661129     1.1200    -0.9878
 12698.5  1362.685543     3.8681    -0.9697
 12692.9  1362.709957     5.1431    -0.9516
 12687.3  1362.734372     4.1610    -0.9338
 12681.7  1362.758786     0.7608    -0.9160
 12676.1  1362.783200    -1.4265    -0.8984
 12670.5  1362.807614    -1.2567    -0.8810
 12664.9  1362.832028    -1.8028    -0.8636
 12659.3  1362.856442    -2.5346    -0.8465
 12653.7  1362.880856    -3.1862    -0.8294
 12648.1  1362.905270    -1.9802    -0.8125
 12642.5  1362.929684     0.9495    -0.7958
 12636.9  1362.954098     0.6179    -0.7792
 12631.3  1362.978512     0.1748    -0.7627
 12625.8  1363.002926     2.6655    -0.7463
 12620.2  1363.027340     4.4147    -0.7301
 12614.6  1363.051754     4.5720    -0.7141
 12609.0  1363.076168     2.9048    -0.6981
 12603.4  1363.100582     0.7346    -0.6823
 12597.8  1363.124997     0.1393    -0.6667
 12592.2  1363.149411     0.5894    -0.6512
 12586.6  1363.173825     2.4943    -0.6358
 12581.0  1363.198239     3.3917    -0.6205
 12575.4  1363.222653     3.7547    -0.6054
 12569.8  1363.247067     2.3368    -0.5904
 12564.2  1363.271481     3.3568    -0.5755
 12558.6  1363.295895     5.0691    -0.5608
 12553.0  1363.320309     4.0669    -0.5462
 12547.4  1363.344723     0.9937    -0.5317
 12541.8  1363.369137    -4.6466    -0.5173
 12536.2  1363.393551    -5.1367    -0.5031
 12530.6  1363.417965    -0.3009    -0.4890
 12525.1  1363.442379     3.4113    -0.4751
 12519.5  1363.466793     1.3855    -0.4612
 12513.9  1363.491207    -5.8266    -0.4475
 12508.3  1363.515622    -6.2639    -0.4339
 12502.7  1363.540036     0.0706    -0.4205
 12497.1  1363.564450    -0.4083    -0.4071
 12491.5  1363.588864    -5.0151    -0.3939
 12485.9  1363.613278    -4.1460    -0.3808
 12480.3  1363.637692    -0.6816    -0.3678
 12474.7  1363.662106    -0.4881    -0.3550
 12469.1  1363.686520    -2.4550    -0.3423
 12463.6  1363.710934    -1.7852    -0.3297
 12458.0  1363.735348     0.8270    -0.3172
 12452.4  1363.759762     1.2243    -0.3048
 12446.8  1363.784176    -3.3481    -0.2926
 12441.2  1363.808590    -6.6343    -0.2804
 12435.6  1363.833004    -4.1614    -0.2684
 12430.0  1363.857418    -3.8179    -0.2565
 12424.4  1363.881832    -1.0541    -0.2448
 12418.8  1363.906247     2.8495    -0.2331
 12413.2  1363.930661     1.0377    -0.2216
 12407.7  1363.955075     0.3433    -0.2101
 12402.1  1363.979489     1.6638    -0.1988
 12396.5  1364.003903     2.7845    -0.1876
 12390.9  1364.028317     4.2587    -0.1765
 12385.3  1364.052731     0.7717    -0.1656
 12379.7  1364.077145    -6.7577    -0.1547
 12374.1  1364.101559    -7.5101    -0.1439
 12368.5  1364.125973    -2.5261    -0.1333
 12363.0  1364.150387     0.1269    -0.1228
 12357.4  1364.174801     1.6311    -0.1124
 12351.8  1364.199215     0.6867    -0.1021
 12346.2  1364.223629    -2.3974    -0.0919
 12340.6  1364.248043    -2.0355    -0.0818
 12335.0  1364.272457    -0.2054    -0.0718
 12329.4  1364.296872    -0.6977    -0.0619
 12323.9  1364.321286    -1.3363    -0.0521
 12318.3  1364.345700     1.6016    -0.0425
 12312.7  1364.370114     2.7127    -0.0329
 12307.1  1364.394528     0.6780    -0.0235
 12301.5  1364.418942    -1.0646    -0.0141
 12295.9  1364.443356    -2.3740    -0.0049
 12290.4  1364.467770    -2.6080     0.0042
 12284.8  1364.492184    -1.5253     0.0133
 12279.2  1364.516598    -0.7868     0.0222
 12273.6  1364.541012     0.0820     0.0310
 12268.0  1364.565426    -1.8275     0.0397
 12262.4  1364.589840    -2.9330     0.0484
 12256.9  1364.614254    -0.9784     0.0569
 12251.3  1364.638668     0.0463     0.0653
 12245.7  1364.663082     1.2329     0.0736
 12240.1  1364.687497     2.4487     0.0818
 12234.5  1364.711911     1.8737     0.0900
 12228.9  1364.736325     0.1437     0.0980
 12223.4  1364.760739     0.9718     0.1059
 12217.8  1364.785153     5.8040     0.1137
 12212.2  1364.809567     5.1690     0.1215
 12206.6  1364.833981     0.4069     0.1291
 12201.0  1364.858395    -3.2392     0.1367
 12195.5  1364.882809    -3.9413     0.1441
 12189.9  1364.907223    -0.3656     0.1515
 12184.3  1364.931637     1.7355     0.1587
 12178.7  1364.956051    -0.0555     0.1659
 12173.1  1364.980465     0.2358     0.1730
 12167.6  1365.004879     3.6795     0.1799
 12162.0  1365.029293     6.1678     0.1868
 12156.4  1365.053707     2.4970     0.1936
 12150.8  1365.078122    -4.2407     0.2003
 12145.2  1365.102536    -4.9725     0.2069
 12139.7  1365.126950    -3.9685     0.2135
 12134.1  1365.151364    -4.0087     0.2199
 12128.5  1365.175778     0.1021     0.2262
 12122.9  1365.200192     2.0420     0.2325
 12117.3  1365.224606     0.3593     0.2387
 12111.8  1365.249020     0.7758     0.2447
 12106.2  1365.273434     1.8901     0.2507
 12100.6  1365.297848     2.7573     0.2566
 12095.0  1365.322262     0.9614     0.2624
 12089.5  1365.346676    -1.5373     0.2682
 12083.9  1365.371090     0.5560     0.2738
 12078.3  1365.395504     2.7117     0.2794
 12072.7  1365.419918     3.0766     0.2849
 12067.2  1365.444332     5.2056     0.2903
 12061.6  1365.468747     3.9763     0.2956
 12056.0  1365.493161     1.8680     0.3008
 12050.4  1365.517575    -0.1436     0.3060
 12044.8  1365.541989    -2.4945     0.3110
 12039.3  1365.566403    -3.2279     0.3160
 12033.7  1365.590817    -1.0483     0.3209
 12028.1  1365.615231     2.9781     0.3257
 12022.5  1365.639645     3.0212     0.3305
 12017.0  1365.664059     0.0731     0.3351
 12011.4  1365.688473     0.3302     0.3397
 12005.8  1365.712887     2.4754     0.3442
 12000.3  1365.737301     1.9758     0.3487
 11994.7  1365.761715    -0.3019     0.3530
 11989.1  1365.786129    -1.7552     0.3573
 11983.5  1365.810543    -1.0116     0.3615
 11978.0  1365.834957    -0.6286     0.3656
 11972.4  1365.859372    -0.5993     0.3696
 11966.8  1365.883786    -1.4942     0.3736
 11961.2  1365.908200    -2.5954     0.3775
 11955.7  1365.932614    -1.0790     0.3813
 11950.1  1365.957028    -0.9462     0.3851
 11944.5  1365.981442     0.2597     0.3887
 11939.0  1366.005856     4.5326     0.3923
 11933.4  1366.030270     2.0394     0.3959
 11927.8  1366.054684    -4.3664     0.3993
 11922.2  1366.079098    -3.1595     0.4027
 11916.7  1366.103512     4.0014     0.4060
 11911.1  1366.127926     7.1255     0.4092
 11905.5  1366.152340     4.8329     0.4124
 11900.0  1366.176754     0.0010     0.4155
 11894.4  1366.201168    -0.9998     0.4186
 11888.8  1366.225582    -1.8593     0.4215
 11883.3  1366.249997    -4.5556     0.4244
 11877.7  1366.274411    -4.2985     0.4272
 11872.1  1366.298825    -2.4928     0.4300
 11866.5  1366.323239     1.4915     0.4327
 11861.0  1366.347653     5.8638     0.4353
 11855.4  1366.372067     3.6521     0.4379
 11849.8  1366.396481    -4.7613     0.4404
 11844.3  1366.420895    -6.4823     0.4428
 11838.7  1366.445309    -3.0449     0.4451
 11833.1  1366.469723    -4.3775     0.4474
 11827.6  1366.494137    -3.1788     0.4497
 11822.0  1366.518551     0.3619     0.4518
 11816.4  1366.542965     1.0916     0.4539
 11810.9  1366.567379     0.3679     0.4560
 11805.3  1366.591793    -0.1405     0.4580
 11799.7  1366.616207     0.3045     0.4599
 11794.2  1366.640622     0.5394     0.4617
 11788.6  1366.665036     0.2755     0.4635
 11783.0  1366.689450    -0.5522     0.4653
 11777.5  1366.713864    -0.9491     0.4669
 11771.9  1366.738278     1.0231     0.4686
 11766.3  1366.762692     3.6871     0.4701
 11760.8  1366.787106     4.9103     0.4716
 11755.2  1366.811520     0.0070     0.4731
 11749.6  1366.835934    -7.0230     0.4744
 11744.1  1366.860348    -5.4904     0.4758
 11738.5  1366.884762    -0.9018     0.4770
 11732.9  1366.909176     1.9222     0.4782
 11727.4  1366.933590     0.7999     0.4794
 11721.8  1366.958004     0.3279     0.4805
 11716.3  1366.982418     4.2102     0.4815
 11710.7  1367.006832     3.2914     0.4825
 11705.1  1367.031247    -2.1201     0.4834
 11699.6  1367.055661    -1.8692     0.4843
 11694.0  1367.080075     0.4655     0.4851
 11688.4  1367.104489    -0.4006     0.4859
 11682.9  1367.128903    -0.7058     0.4866
 11677.3  1367.153317    -1.4632     0.4873
 11671.8  1367.177731    -2.5845     0.4879
 11666.2  1367.202145    -0.8510     0.4884
 11660.6  1367.226559     1.6562     0.4889
 11655.1  1367.250973     3.7484     0.4894
 11649.5  1367.275387     0.5505     0.4898
 11643.9  1367.299801    -3.1747     0.4901
 11638.4  1367.324215     0.1938     0.4904
 11632.8  1367.348629     3.0273     0.4907
 11627.3  1367.373043     0.8454     0.4909
 11621.7  1367.397457    -0.6693     0.4910
 11616.1  1367.421872    -1.5339     0.4911
 11610.6  1367.446286    -4.0631     0.4912
 11605.0  1367.470700    -4.7700     0.4912
 11599.5  1367.495114    -2.7657     0.4912
 11593.9  1367.519528    -1.4080     0.4911
 11588.3  1367.543942    -0.8379     0.4910
 11582.8  1367.568356    -2.6388     0.4908
 11577.2  1367.592770    -1.3832     0.4906
 11571.7  1367.617184     1.5219     0.4903
 11566.1  1367.641598     1.3388     0.4900
 11560.6  1367.666012    -2.8468     0.4896
 11555.0  1367.690426    -5.8964     0.4892
 11549.4  1367.714840    -4.6136     0.4888
 11543.9  1367.739254    -2.9172     0.4883
 11538.3  1367.763668    -3.6623     0.4877
 11532.8  1367.788082    -4.5380     0.4872
 11527.2  1367.812497    -1.9707     0.4866
 11521.7  1367.836911     1.2143     0.4859
 11516.1  1367.861325     1.2915     0.4852
 11510.5  1367.885739     0.8878     0.4845
 11505.0  1367.910153     1.9644     0.4837
 11499.4  1367.934567     4.0112     0.4828
 11493.9  1367.958981     5.0531     0.4820
 11488.3  1367.983395     2.6117     0.4811
 11482.8  1368.007809    -0.1959     0.4801
 11477.2  1368.032223    -0.1683     0.4791
 11471.7  1368.056637     0.5900     0.4781
 11466.1  1368.081051     1.1023     0.4771
 11460.5  1368.105465     1.4053     0.4760
 11455.0  1368.129879     2.1610     0.4748
 11449.4  1368.154293     1.8146     0.4737
 11443.9  1368.178707     0.4800     0.4724
 11438.3  1368.203122     1.0084     0.4712
 11432.8  1368.227536     2.0666     0.4699
 11427.2  1368.251950    -1.3173     0.4686
 11421.7  1368.276364    -4.3248     0.4672
 11416.1  1368.300778    -4.0357     0.4659
 11410.6  1368.325192    -5.3690     0.4644
 11405.0  1368.349606    -5.2764     0.4630
 11399.5  1368.374020    -2.2280     0.4615
 11393.9  1368.398434     1.2558     0.4600
 11388.4  1368.422848     2.3763     0.4584
 11382.8  1368.447262     3.2840     0.4568
 11377.3  1368.471676     2.9366     0.4552
 11371.7  1368.496090    -0.5493     0.4535
 11366.2  1368.520504    -1.0468     0.4518
 11360.6  1368.544918     0.8521     0.4501
 11355.0  1368.569332     2.8616     0.4483
 11349.5  1368.593747     4.0972     0.4466
 11343.9  1368.618161     5.7800     0.4447
 11338.4  1368.642575     5.8288     0.4429
 11332.8  1368.666989     1.1809     0.4410
 11327.3  1368.691403    -1.7210     0.4391
 11321.7  1368.715817    -0.2517     0.4372
 11316.2  1368.740231     1.0133     0.4352
 11310.7  1368.764645     0.2751     0.4332
 11305.1  1368.789059    -0.2032     0.4312
 11299.6  1368.813473     1.6630     0.4292
 11294.0  1368.837887     2.1760     0.4271
 11288.5  1368.862301    -1.1595     0.4250
 11282.9  1368.886715     0.8620     0.4228
 11277.4  1368.911129     3.2737     0.4207
 11271.8  1368.935543     0.1199     0.4185
 11266.3  1368.959957    -1.9589     0.4163
 11260.7  1368.984372    -0.7935     0.4141
 11255.2  1369.008786     1.7515     0.4118
 11249.6  1369.033200     0.2442     0.4095
 11244.1  1369.057614    -2.2660     0.4072
 11238.5  1369.082028    -1.7810     0.4049
 11233.0  1369.106442    -1.6963     0.4025
 11227.4  1369.130856    -1.1257     0.4001
 11221.9  1369.155270    -3.0351     0.3977
 11216.3  1369.179684    -5.7877     0.3953
 11210.8  1369.204098    -4.0587     0.3928
 11205.3  1369.228512    -0.4429     0.3903
 11199.7  1369.252926    -0.1535     0.3878
 11194.2  1369.277340    -1.6305     0.3853
 11188.6  1369.301754    -3.6534     0.3828
 11183.1  1369.326168    -4.8414     0.3802
 11177.5  1369.350582    -3.7790     0.3776
 11172.0  1369.374997    -1.6323     0.3750
 11166.4  1369.399411    -0.6826     0.3724
 11160.9  1369.423825    -0.5482     0.3697
 11155.4  1369.448239     0.4928     0.3671
 11149.8  1369.472653     0.4779     0.3644
 11144.3  1369.497067    -4.1712     0.3617
 11138.7  1369.521481    -5.2975     0.3590
 11133.2  1369.545895    -1.1441     0.3562
 11127.6  1369.570309     0.6840     0.3535
 11122.1  1369.594723     1.0725     0.3507
 11116.6  1369.619137     2.7844     0.3479
 11111.0  1369.643551     1.0333     0.3451
 11105.5  1369.667965    -2.1872     0.3422
 11099.9  1369.692379    -4.4227     0.3394
 11094.4  1369.716793    -6.8873     0.3365
 11088.8  1369.741207    -3.7490     0.3336
 11083.3  1369.765622     5.3647     0.3307
 11077.8  1369.790036     7.8715     0.3278
 11072.2  1369.814450     1.9307     0.3249
 11066.7  1369.838864     0.1994     0.3219
 11061.1  1369.863278     3.2183     0.3190
 11055.6  1369.887692     5.9658     0.3160
 11050.1  1369.912106     6.9088     0.3130
 11044.5  1369.936520     4.5437     0.3100
 11039.0  1369.960934     4.1887     0.3070
 11033.4  1369.985348     4.9164     0.3039
 11027.9  1370.009762     3.6365     0.3009
 11022.4  1370.034176     2.2972     0.2978
 11016.8  1370.058590     0.0423     0.2948
 11011.3  1370.083004    -1.6751     0.2917
 11005.8  1370.107418    -1.6151     0.2886
 11000.2  1370.131832     0.4665     0.2855
 10994.7  1370.156247     3.0995     0.2823
 10989.1  1370.180661     3.5065     0.2792
 10983.6  1370.205075     4.0676     0.2761
 10978.1  1370.229489     5.0046     0.2729
 10972.5  1370.253903     1.1481     0.2697
 10967.0  1370.278317    -4.2144     0.2666
 10961.5  1370.302731    -4.4168     0.2634
 10955.9  1370.327145    -3.6051     0.2602
 10950.4  1370.351559    -1.6641     0.2570
 10944.8  1370.375973     3.0361     0.2538
 10939.3  1370.400387     4.1744     0.2505
 10933.8  1370.424801    -0.0205     0.2473
 10928.2  1370.449215    -0.8384     0.2441
 10922.7  1370.473629     2.5469     0.2408
 10917.2  1370.498043     2.9283     0.2375
 10911.6  1370.522457     0.6209     0.2343
 10906.1  1370.546872    -1.4635     0.2310
 10900.6  1370.571286    -1.9037     0.2277
 10895.0  1370.595700     0.5690     0.2244
 10889.5  1370.620114     1.0133     0.2211
 10884.0  1370.644528    -1.3093     0.2178
 10878.4  1370.668942    -1.6378     0.2145
 10872.9  1370.693356    -3.2126     0.2112
 10867.4  1370.717770    -3.2680     0.2079
 10861.8  1370.742184    -0.7460     0.2046
 10856.3  1370.766598     0.9141     0.2012
 10850.8  1370.791012     0.3418     0.1979
 10845.2  1370.815426    -0.5119     0.1945
 10839.7  1370.839840     2.1689     0.1912
 10834.2  1370.864254     4.5841     0.1878
 10828.6  1370.888668     3.0294     0.1845
 10823.1  1370.913082     2.2208     0.1811
 10817.6  1370.937497     0.5693     0.1777
 10812.0  1370.961911     0.5019     0.1744
 10806.5  1370.986325     1.2550     0.1710
 10801.0  1371.010739    -3.9226     0.1676
 10795.4  1371.035153    -7.5660     0.1642
 10789.9  1371.059567    -4.4944     0.1609
 10784.4  1371.083981    -0.8014     0.1575
 10778.9  1371.108395     0.0308     0.1541
 10773.3  1371.132809    -2.1469     0.1507
 10767.8  1371.157223    -1.9677     0.1473
 10762.3  1371.181637     1.8256     0.1439
 10756.7  1371.206051     2.6019     0.1405
 10751.2  1371.230465     2.7035     0.1371
 10745.7  1371.254879     1.6999     0.1337
 10740.1  1371.279293    -0.8259     0.1303
 10734.6  1371.303707    -2.0842     0.1269
 10729.1  1371.328122    -1.5547     0.1235
 10723.6  1371.352536     0.8845     0.1201
 10718.0  1371.376950     2.3144     0.1167
 10712.5  1371.401364     1.2341     0.1133
 10707.0  1371.425778     3.0486     0.1099
 10701.5  1371.450192     4.2163     0.1066
 10695.9  1371.474606     1.5650     0.1032
 10690.4  1371.499020    -0.2588     0.0998
 10684.9  1371.523434    -0.1111     0.0964
 10679.3  1371.547848     1.8711     0.0930
 10673.8  1371.572262     2.6478     0.0896
 10668.3  1371.596676     2.5310     0.0862
 10662.8  1371.621090     3.2130     0.0828
 10657.2  1371.645504     4.5847     0.0794
 10651.7  1371.669918     3.8145     0.0760
 10646.2  1371.694332     2.1931     0.0727
 10640.7  1371.718747     0.9799     0.0693
 10635.1  1371.743161     1.0144     0.0659
 10629.6  1371.767575     3.2806     0.0625
 10624.1  1371.791989     3.7085     0.0592
 10618.6  1371.816403     2.0541     0.0558
 10613.0  1371.840817    -0.2593     0.0525
 10607.5  1371.865231    -0.8724     0.0491
 10602.0  1371.889645     0.5013     0.0457
 10596.5  1371.914059    -1.5690     0.0424
 10590.9  1371.938473    -4.1331     0.0391
 10585.4  1371.962887    -3.5920     0.0357
 10579.9  1371.987301    -1.3940     0.0324
 10574.4  1372.011715     0.3293     0.0291
 10568.9  1372.036129    -0.6205     0.0257
 10563.3  1372.060543    -2.7030     0.0224
 10557.8  1372.084957    -0.6820     0.0191
 10552.3  1372.109372     1.2572     0.0158
 10546.8  1372.133786    -0.7479     0.0125
 10541.2  1372.158200    -1.4116     0.0092
 10535.7  1372.182614    -0.3499     0.0059
 10530.2  1372.207028    -0.4356     0.0026
 10524.7  1372.231442    -0.8072    -0.0006
 10519.2  1372.255856     2.7173    -0.0039
 10513.6  1372.280270     4.8713    -0.0072
 10508.1  1372.304684     2.4770    -0.0104
 10502.6  1372.329098     0.6518    -0.0137
 10497.1  1372.353512     2.7828    -0.0169
 10491.6  1372.377926     6.0122    -0.0201
 10486.0  1372.402340     4.8224    -0.0234
 10480.5  1372.426754     3.1763    -0.0266
 10475.0  1372.451168     3.3407    -0.0298
 10469.5  1372.475582     0.1510    -0.0330
 10464.0  1372.499997    -2.5352    -0.0362
 10458.4  1372.524411    -3.4113    -0.0393
 10452.9  1372.548825    -4.1946    -0.0425
 10447.4  1372.573239    -4.2786    -0.0457
 10441.9  1372.597653    -1.6630    -0.0488
 10436.4  1372.622067     2.5305    -0.0520
 10430.9  1372.646481     5.2888    -0.0551
 10425.3  1372.670895     6.0502    -0.0582
 10419.8  1372.695309     4.9989    -0.0614
 10414.3  1372.719723     4.0147    -0.0645
 10408.8  1372.744137     3.6918    -0.0676
 10403.3  1372.768551     1.6688    -0.0706
 10397.7  1372.792965    -0.5682    -0.0737
 10392.2  1372.817379    -1.9545    -0.0768
 10386.7  1372.841793     0.2492    -0.0798
 10381.2  1372.866207     4.0020    -0.0829
 10375.7  1372.890622     2.4922    -0.0859
 10370.2  1372.915036    -3.6483    -0.0889
 10364.7  1372.939450    -3.8218    -0.0920
 10359.1  1372.963864     1.7440    -0.0950
 10353.6  1372.988278     0.8254    -0.0980
 10348.1  1373.012692    -1.2173    -0.1009
 10342.6  1373.037106     1.6987    -0.1039
 10337.1  1373.061520     1.6127    -0.1068
 10331.6  1373.085934     0.5918    -0.1098
 10326.1  1373.110348    -0.0607    -0.1127
 10320.5  1373.134762    -1.8198    -0.1156
 10315.0  1373.159176    -0.7859    -0.1185
 10309.5  1373.183590     1.2148    -0.1214
 10304.0  1373.208004     0.1466    -0.1243
 10298.5  1373.232418    -2.4698    -0.1272
 10293.0  1373.256832    -3.6638    -0.1300
 10287.5  1373.281247    -0.9048    -0.1329
 10281.9  1373.305661     2.9358    -0.1357
 10276.4  1373.330075     3.3619    -0.1385
 10270.9  1373.354489     1.6140    -0.1413
 10265.4  1373.378903    -2.5714    -0.1441
 10259.9  1373.403317    -2.8312    -0.1469
 10254.4  1373.427731     0.1541    -0.1497
 10248.9  1373.452145     1.0149    -0.1524
 10243.4  1373.476559     1.0296    -0.1552
 10237.9  1373.500973     1.8913    -0.1579
 10232.3  1373.525387     1.9852    -0.1606
 10226.8  1373.549801     0.2701    -0.1633
 10221.3  1373.574215    -1.5921    -0.1660
 10215.8  1373.598629    -1.4300    -0.1686
 10210.3  1373.623043    -3.2972    -0.1713
 10204.8  1373.647457    -6.8034    -0.1739
 10199.3  1373.671872    -3.5550    -0.1765
 10193.8  1373.696286     0.9196    -0.1791
 10188.3  1373.720700    -1.2189    -0.1817
 10182.8  1373.745114    -0.8997    -0.1843
 10177.2  1373.769528     2.4372    -0.1869
 10171.7  1373.793942     3.6523    -0.1894
 10166.2  1373.818356     2.2732    -0.1919
 10160.7  1373.842770    -0.9083    -0.1944
 10155.2  1373.867184    -1.8425    -0.1969
 10149.7  1373.891598     1.6825    -0.1994
 10144.2  1373.916012     4.0718    -0.2019
 10138.7  1373.940426     2.3578    -0.2044
 10133.2  1373.964840    -1.1115    -0.2068
 10127.7  1373.989254    -2.5893    -0.2092
 10122.2  1374.013668    -3.3385    -0.2116
 10116.7  1374.038082    -4.4510    -0.2140
 10111.2  1374.062497    -3.8209    -0.2164
 10105.7  1374.086911    -2.5230    -0.2187
 10100.1  1374.111325     0.2919    -0.2211
 10094.6  1374.135739    -1.8824    -0.2234
 10089.1  1374.160153    -9.0045    -0.2257
 10083.6  1374.184567    -7.8801    -0.2280
 10078.1  1374.208981    -2.0859    -0.2303
 10072.6  1374.233395     0.3223    -0.2325
 10067.1  1374.257809    -2.2068    -0.2348
 10061.6  1374.282223    -3.6207    -0.2370
 10056.1  1374.306637     0.2774    -0.2392
 10050.6  1374.331051     0.9580    -0.2414
 10045.1  1374.355465    -1.5557    -0.2435
 10039.6  1374.379879    -3.5309    -0.2457
 10034.1  1374.404293    -5.2811    -0.2478
 10028.6  1374.428707    -3.5061    -0.2500
 10023.1  1374.453122    -0.5411    -0.2521
 10017.6  1374.477536    -1.1013    -0.2541
 10012.1  1374.501950    -1.0119    -0.2562
 10006.6  1374.526364     1.3693    -0.2583
 10001.1  1374.550778     0.3842    -0.2603
  9995.6  1374.575192    -3.0186    -0.2623
  9990.1  1374.599606    -4.8512    -0.2643
  9984.6  1374.624020    -6.0661    -0.2663
  9979.1  1374.648434    -5.6433    -0.2682
  9973.6  1374.672848    -2.6659    -0.2702
  9968.1  1374.697262     0.8613    -0.2721
  9962.6  1374.721676     0.9673    -0.2740
  9957.1  1374.746090    -1.1804    -0.2759
  9951.6  1374.770504     0.9207    -0.2778
  9946.1  1374.794918    -1.3847    -0.2796
  9940.6  1374.819332    -5.5209    -0.2814
  9935.1  1374.843747    -3.0039    -0.2833
  9929.6  1374.868161     0.9450    -0.2851
  9924.1  1374.892575     1.4844    -0.2868
  9918.6  1374.916989     0.2350    -0.2886
  9913.1  1374.941403    -0.4133    -0.2903
  9907.6  1374.965817    -0.3931    -0.2921
  9902.1  1374.990231    -1.2469    -0.2938
  9896.6  1375.014645     0.0184    -0.2954
  9891.1  1375.039059     2.5661    -0.2971
  9885.6  1375.063473     3.6499    -0.2988
  9880.1  1375.087887     4.5201    -0.3004
  9874.6  1375.112301     1.9909    -0.3020
  9869.1  1375.136715    -0.2350    -0.3036
  9863.6  1375.161129     1.4596    -0.3052
  9858.1  1375.185543    -0.7089    -0.3067
  9852.6  1375.209957    -3.0046    -0.3082
  9847.1  1375.234372    -1.1591    -0.3098
  9841.6  1375.258786     0.5351    -0.3113
  9836.1  1375.283200     2.1300    -0.3127
  9830.6  1375.307614     6.4896    -0.3142
  9825.1  1375.332028     6.0367    -0.3156
  9819.6  1375.356442     0.0364    -0.3170
  9814.1  1375.380856    -2.6330    -0.3184
  9808.6  1375.405270    -1.4822    -0.3198
  9803.1  1375.429684     1.0120    -0.3212
  9797.6  1375.454098    -1.1100    -0.3225
  9792.1  1375.478512    -3.1254    -0.3239
  9786.6  1375.502926    -0.9713    -0.3252
  9781.1  1375.527340    -0.5794    -0.3264
  9775.6  1375.551754     0.6580    -0.3277
  9770.1  1375.576168     2.9914    -0.3289
  9764.6  1375.600582     2.1794    -0.3302
  9759.2  1375.624997    -0.0065    -0.3314
  9753.7  1375.649411    -1.0951    -0.3326
  9748.2  1375.673825    -1.4279    -0.3337
  9742.7  1375.698239    -0.2201    -0.3349
  9737.2  1375.722653     2.0289    -0.3360
  9731.7  1375.747067     0.9001    -0.3371
  9726.2  1375.771481    -0.5753    -0.3382
  9720.7  1375.795895     1.4528    -0.3393
  9715.2  1375.820309     3.8952    -0.3403
  9709.7  1375.844723     4.8500    -0.3414
  9704.2  1375.869137     3.1918    -0.3424
  9698.7  1375.893551    -0.7318    -0.3434
  9693.2  1375.917965    -2.0078    -0.3443
  9687.8  1375.942379     0.4301    -0.3453
  9682.3  1375.966793     3.1033    -0.3462
  9676.8  1375.991207     2.2067    -0.3471
  9671.3  1376.015622     2.7889    -0.3480
  9665.8  1376.040036     4.3086    -0.3489
  9660.3  1376.064450     0.5538    -0.3498
  9654.8  1376.088864    -3.4413    -0.3506
  9649.3  1376.113278    -1.9393    -0.3514
  9643.8  1376.137692     1.2137    -0.3522
  9638.3  1376.162106     4.1799    -0.3530
  9632.8  1376.186520     1.5118    -0.3538
  9627.4  1376.210934    -0.2963    -0.3545
  9621.9  1376.235348     0.7681    -0.3552
  9616.4  1376.259762     1.6751    -0.3559
  9610.9  1376.284176     0.4551    -0.3566
  9605.4  1376.308590    -2.1468    -0.3573
  9599.9  1376.333004    -2.6301    -0.3579
  9594.4  1376.357418    -1.3770    -0.3585
  9588.9  1376.381832    -1.3611    -0.3591
  9583.5  1376.406247    -1.4296    -0.3597
  9578.0  1376.430661    -2.9583    -0.3603
  9572.5  1376.455075    -3.6826    -0.3608
  9567.0  1376.479489    -1.3261    -0.3614
  9561.5  1376.503903     0.9185    -0.3619
  9556.0  1376.528317     0.2724    -0.3624
  9550.5  1376.552731    -2.3127    -0.3628
  9545.0  1376.577145    -3.4130    -0.3633
  9539.6  1376.601559    -2.1405    -0.3637
  9534.1  1376.625973     0.3364    -0.3641
  9528.6  1376.650387     4.1416    -0.3645
  9523.1  1376.674801     3.2158    -0.3649
  9517.6  1376.699215    -0.0610    -0.3653
  9512.1  1376.723629    -1.9195    -0.3656
  9506.6  1376.748043    -3.6542    -0.3659
  9501.2  1376.772457    -4.7654    -0.3662
  9495.7  1376.796872    -3.1036    -0.3665
  9490.2  1376.821286    -1.5597    -0.3668
  9484.7  1376.845700    -3.3717    -0.3670
  9479.2  1376.870114    -5.2609    -0.3672
  9473.7  1376.894528    -4.0753    -0.3674
  9468.3  1376.918942    -0.4217    -0.3676
  9462.8  1376.943356    -0.0161    -0.3678
  9457.3  1376.967770    -0.9198    -0.3679
  9451.8  1376.992184     1.8217    -0.3681
  9446.3  1377.016598     3.8757    -0.3682
  9440.8  1377.041012     4.2900    -0.3683
  9435.4  1377.065426     3.2453    -0.3684
  9429.9  1377.089840    -0.2936    -0.3684
  9424.4  1377.114254    -2.7598    -0.3685
  9418.9  1377.138668    -1.7734    -0.3685
  9413.4  1377.163082     1.0604    -0.3685
  9407.9  1377.187497     4.8932    -0.3685
  9402.5  1377.211911     7.3943    -0.3685
  9397.0  1377.236325     6.3133    -0.3684
  9391.5  1377.260739     3.8323    -0.3683
  9386.0  1377.285153     0.5000    -0.3683
  9380.5  1377.309567    -1.6452    -0.3681
  9375.1  1377.333981    -0.0700    -0.3680
  9369.6  1377.358395     3.8053    -0.3679
  9364.1  1377.382809     4.4344    -0.3677
  9358.6  1377.407223     0.9006    -0.3676
  9353.1  1377.431637     0.1855    -0.3674
  9347.7  1377.456051     1.1465    -0.3672
  9342.2  1377.480465     1.8581    -0.3669
  9336.7  1377.504879     1.4667    -0.3667
  9331.2  1377.529293    -2.4617    -0.3665
  9325.8  1377.553707    -5.6274    -0.3662
  9320.3  1377.578122    -4.6823    -0.3659
  9314.8  1377.602536    -3.2005    -0.3656
  9309.3  1377.626950    -2.7507    -0.3653
  9303.8  1377.651364    -4.0250    -0.3649
  9298.4  1377.675778    -3.3588    -0.3646
  9292.9  1377.700192     2.2572    -0.3642
  9287.4  1377.724606     2.8635    -0.3638
  9281.9  1377.749020     2.4793    -0.3634
  9276.5  1377.773434     4.8056    -0.3630
  9271.0  1377.797848     1.8078    -0.3625
  9265.5  1377.822262    -0.0755    -0.3621
  9260.0  1377.846676    -1.0285    -0.3616
  9254.5  1377.871090    -3.1359    -0.3611
  9249.1  1377.895504    -3.0175    -0.3606
  9243.6  1377.919918    -0.1307    -0.3601
  9238.1  1377.944332     1.0498    -0.3595
  9232.6  1377.968747     0.1307    -0.3590
  9227.2  1377.993161    -1.4535    -0.3584
  9221.7  1378.017575    -3.2186    -0.3578
  9216.2  1378.041989    -1.7814    -0.3572
  9210.7  1378.066403     0.9786    -0.3566
  9205.3  1378.090817    -0.9347    -0.3560
  9199.8  1378.115231    -0.8412    -0.3554
  9194.3  1378.139645     0.8881    -0.3547
  9188.9  1378.164059    -1.8129    -0.3540
  9183.4  1378.188473    -3.9639    -0.3533
  9177.9  1378.212887    -3.8406    -0.3526
  9172.4  1378.237301    -2.0234    -0.3519
  9167.0  1378.261715    -0.0150    -0.3512
  9161.5  1378.286129     0.4311    -0.3505
  9156.0  1378.310543    -1.4087    -0.3497
  9150.5  1378.334957    -1.6324    -0.3489
  9145.1  1378.359372     1.0109    -0.3481
  9139.6  1378.383786     0.9485    -0.3473
  9134.1  1378.408200     0.0155    -0.3465
  9128.7  1378.432614    -0.4565    -0.3457
  9123.2  1378.457028    -0.6842    -0.3449
  9117.7  1378.481442    -0.7901    -0.3440
  9112.2  1378.505856    -1.7096    -0.3431
  9106.8  1378.530270     0.6342    -0.3423
  9101.3  1378.554684     1.3851    -0.3414
  9095.8  1378.579098    -0.6379    -0.3405
  9090.4  1378.603512    -2.3977    -0.3395
  9084.9  1378.627926    -3.5557    -0.3386
  9079.4  1378.652340    -4.6940    -0.3377
  9073.9  1378.676754    -4.5721    -0.3367
  9068.5  1378.701168    -0.4748    -0.3357
  9063.0  1378.725582     3.9592    -0.3348
  9057.5  1378.749997     4.4017    -0.3338
  9052.1  1378.774411     3.4483    -0.3328
  9046.6  1378.798825     1.8220    -0.3318
  9041.1  1378.823239    -0.0241    -0.3307
  9035.7  1378.847653     0.3022    -0.3297
  9030.2  1378.872067     1.3509    -0.3286
  9024.7  1378.896481    -0.0539    -0.3276
  9019.3  1378.920895    -0.7862    -0.3265
  9013.8  1378.945309     1.2157    -0.3254
  9008.3  1378.969723     2.6133    -0.3243
  9002.9  1378.994137     3.0756    -0.3232
  8997.4  1379.018551     1.3850    -0.3221
  8991.9  1379.042965     0.1964    -0.3210
  8986.5  1379.067379    -1.2890    -0.3198
  8981.0  1379.091793    -6.3147    -0.3187
  8975.5  1379.116207   -10.9995    -0.3175
  8970.1  1379.140622    -5.7392    -0.3164
  8964.6  1379.165036     3.2847    -0.3152
  8959.1  1379.189450     6.6491    -0.3140
  8953.7  1379.213864     4.6322    -0.3128
  8948.2  1379.238278     7.3680    -0.3116
  8942.7  1379.262692     5.5428    -0.3104
  8937.3  1379.287106    -5.4052    -0.3092
  8931.8  1379.311520    -6.6661    -0.3080
  8926.3  1379.335934    -1.3927    -0.3067
  8920.9  1379.360348    -0.6260    -0.3055
  8915.4  1379.384762    -0.8147    -0.3042
  8910.0  1379.409176    -3.1965    -0.3030
  8904.5  1379.433590    -5.4322    -0.3017
  8899.0  1379.458004    -7.9523    -0.3004
  8893.6  1379.482418    -5.9644    -0.2991
  8888.1  1379.506832     1.0641    -0.2978
  8882.6  1379.531247     6.1842    -0.2965
  8877.2  1379.555661     5.2536    -0.2952
  8871.7  1379.580075    -2.0236    -0.2939
  8866.2  1379.604489    -8.6942    -0.2926
  8860.8  1379.628903     1.1078    -0.2913
  8855.3  1379.653317     8.5496    -0.2899
  8849.9  1379.677731    -1.5966    -0.2886
  8844.4  1379.702145       -NaN    -0.2873
  8838.9  1379.726559       -NaN    -0.2859
  8833.5  1379.750973       -NaN    -0.2845
  8828.0  1379.775387       -NaN    -0.2832
  8822.6  1379.799801       -NaN    -0.2818
  8817.1  1379.824215       -NaN    -0.2804
  8811.6  1379.848629       -NaN    -0.2791
  8806.2  1379.873043       -NaN    -0.2777
  8800.7  1379.897457       -NaN    -0.2763
  8795.3  1379.921872       -NaN    -0.2749
  8789.8  1379.946286       -NaN    -0.2735
  8784.3  1379.970700       -NaN    -0.2721
  8778.9  1379.995114       -NaN    -0.2707
  8773.4  1380.019528       -NaN    -0.2693
  8768.0  1380.043942       -NaN    -0.2679
  8762.5  1380.068356       -NaN    -0.2665
  8757.0  1380.092770       -NaN    -0.2650
  8751.6  1380.117184       -NaN    -0.2636
  8746.1  1380.141598       -NaN    -0.2622
  8740.7  1380.166012       -NaN    -0.2608
  8735.2  1380.190426       -NaN    -0.2593
  8729.8  1380.214840    -1.9128    -0.2579
  8724.3  1380.239254     8.4661    -0.2565
  8718.8  1380.263668    10.6019    -0.2550
  8713.4  1380.288082    10.1466    -0.2536
  8707.9  1380.312497    10.3963    -0.2522
  8702.5  1380.336911     5.9080    -0.2507
  8697.0  1380.361325    -2.5030    -0.2493
  8691.6  1380.385739    -7.3793    -0.2478
  8686.1  1380.410153    -2.4185    -0.2464
  8680.6  1380.434567     0.7143    -0.2450
  8675.2  1380.458981     2.3626    -0.2435
  8669.7  1380.483395     2.9905    -0.2421
  8664.3  1380.507809    -0.0440    -0.2406
  8658.8  1380.532223     2.2944    -0.2392
  8653.4  1380.556637     4.3213    -0.2378
  8647.9  1380.581051    -0.4392    -0.2363
  8642.5  1380.605465    -3.1014    -0.2349
  8637.0  1380.629879    -1.5127    -0.2334
  8631.6  1380.654293     0.1121    -0.2320
  8626.1  1380.678707     0.8025    -0.2306
  8620.6  1380.703122    -0.6714    -0.2291
  8615.2  1380.727536     0.4734    -0.2277
  8609.7  1380.751950     3.8602    -0.2263
  8604.3  1380.776364     8.1542    -0.2249
  8598.8  1380.800778     6.2241    -0.2234
  8593.4  1380.825192     1.0989    -0.2220
  8587.9  1380.849606    -0.8901    -0.2206
  8582.5  1380.874020    -1.6494    -0.2192
  8577.0  1380.898434    -1.9728    -0.2178
  8571.6  1380.922848    -1.7725    -0.2164
  8566.1  1380.947262    -0.0587    -0.2150
  8560.7  1380.971676    -0.7583    -0.2136
  8555.2  1380.996090    -2.6772    -0.2122
  8549.8  1381.020504    -1.3345    -0.2108
  8544.3  1381.044918     0.5053    -0.2094
  8538.9  1381.069332    -1.2985    -0.2081
  8533.4  1381.093747    -2.1240    -0.2067
  8528.0  1381.118161    -1.3182    -0.2053
  8522.5  1381.142575     0.2682    -0.2040
  8517.1  1381.166989    -0.4578    -0.2026
  8511.6  1381.191403    -0.9590    -0.2013
  8506.2  1381.215817     0.5722    -0.2000
  8500.7  1381.240231    -0.6970    -0.1986
  8495.3  1381.264645    -4.7937    -0.1973
  8489.8  1381.289059    -6.5671    -0.1960
  8484.4  1381.313473    -5.4247    -0.1947
  8478.9  1381.337887    -5.7430    -0.1934
  8473.5  1381.362301    -4.3162    -0.1921
  8468.0  1381.386715    -3.2141    -0.1908
  8462.6  1381.411129    -4.7305    -0.1895
  8457.1  1381.435543    -2.8786    -0.1883
  8451.7  1381.459957     0.4907    -0.1870
  8446.2  1381.484372     4.2411    -0.1858
  8440.8  1381.508786     7.4348    -0.1845
  8435.3  1381.533200    -1.0190    -0.1833
  8429.9  1381.557614    -4.8001    -0.1821
  8424.4  1381.582028     1.8844    -0.1809
  8419.0  1381.606442     4.6072    -0.1797
  8413.6  1381.630856    -0.6071    -0.1785
  8408.1  1381.655270    -4.0126    -0.1774
  8402.7  1381.679684    -1.6032    -0.1762
  8397.2  1381.704098    -0.6834    -0.1750
  8391.8  1381.728512     1.6536    -0.1739
  8386.3  1381.752926     1.5764    -0.1728
  8380.9  1381.777340    -2.9306    -0.1717
  8375.4  1381.801754    -2.0443    -0.1706
  8370.0  1381.826168     0.0981    -0.1695
  8364.5  1381.850582     3.1394    -0.1684
  8359.1  1381.874997     8.2579    -0.1674
  8353.7  1381.899411     5.8249    -0.1663
  8348.2  1381.923825     3.2822    -0.1653
  8342.8  1381.948239     4.5348    -0.1643
  8337.3  1381.972653    -0.1455    -0.1633
  8331.9  1381.997067    -2.9963    -0.1623
  8326.4  1382.021481    -4.2903    -0.1614
  8321.0  1382.045895    -4.2709    -0.1604
  8315.6  1382.070309    -1.1577    -0.1595
  8310.1  1382.094723    -0.2773    -0.1585
  8304.7  1382.119137    -0.6614    -0.1576
  8299.2  1382.143551    -0.1665    -0.1568
  8293.8  1382.167965     1.3048    -0.1559
  8288.3  1382.192379     2.8337    -0.1550
  8282.9  1382.216793     3.1254    -0.1542
  8277.5  1382.241207     0.1509    -0.1534
  8272.0  1382.265622     0.9568    -0.1526
  8266.6  1382.290036     6.2836    -0.1518
  8261.1  1382.314450    10.6993    -0.1511
  8255.7  1382.338864    11.1907    -0.1503
  8250.3  1382.363278    10.7087    -0.1496
  8244.8  1382.387692     8.6140    -0.1489
  8239.4  1382.412106     5.3374    -0.1482
  8233.9  1382.436520     5.3195    -0.1476
  8228.5  1382.460934     5.2879    -0.1469
  8223.1  1382.485348     6.7433    -0.1463
  8217.6  1382.509762     8.9820    -0.1457
  8212.2  1382.534176     3.8733    -0.1451
  8206.7  1382.558590     1.8436    -0.1446
  8201.3  1382.583004     6.2995    -0.1441
  8195.9  1382.607418     7.7834    -0.1435
  8190.4  1382.631832     6.7910    -0.1431
  8185.0  1382.656247     6.9123    -0.1426
  8179.5  1382.680661     7.8102    -0.1422
  8174.1  1382.705075     6.9091    -0.1417
  8168.7  1382.729489     5.0087    -0.1414
  8163.2  1382.753903     4.5334    -0.1410
  8157.8  1382.778317     8.0709    -0.1406
  8152.4  1382.802731     9.6709    -0.1403
  8146.9  1382.827145     3.3252    -0.1400
  8141.5  1382.851559     2.1376    -0.1398
  8136.0  1382.875973     5.1298    -0.1395
  8130.6  1382.900387     3.2368    -0.1393
  8125.2  1382.924801     0.8833    -0.1391
  8119.7  1382.949215     0.5329    -0.1390
  8114.3  1382.973629     0.0234    -0.1388
  8108.9  1382.998043     1.1603    -0.1387
  8103.4  1383.022457     4.2326    -0.1387
  8098.0  1383.046872     4.4349    -0.1386
  8092.6  1383.071286     0.1570    -0.1386
  8087.1  1383.095700    -0.7794    -0.1386
  8081.7  1383.120114     2.9246    -0.1386
  8076.3  1383.144528     5.3402    -0.1387
  8070.8  1383.168942     3.1056    -0.1388
  8065.4  1383.193356     1.0022    -0.1389
  8060.0  1383.217770    -0.7470    -0.1391
  8054.5  1383.242184    -2.5782    -0.1393
  8049.1  1383.266598    -0.1722    -0.1395
  8043.7  1383.291012     2.4106    -0.1397
  8038.2  1383.315426    -0.1796    -0.1400
  8032.8  1383.339840    -1.4267    -0.1403
  8027.4  1383.364254     0.1433    -0.1407
  8021.9  1383.388668     2.4707    -0.1411
  8016.5  1383.413082     2.0789    -0.1415
  8011.1  1383.437497     0.8779    -0.1419
  8005.6  1383.461911     2.5610    -0.1424
  8000.2  1383.486325     0.4977    -0.1429
  7994.8  1383.510739    -2.1280    -0.1435
  7989.3  1383.535153    -3.0917    -0.1441
  7983.9  1383.559567    -1.6957    -0.1447
  7978.5  1383.583981     2.5751    -0.1453
  7973.0  1383.608395     1.6453    -0.1460
  7967.6  1383.632809     0.6492    -0.1468
  7962.2  1383.657223     0.3857    -0.1475
  7956.8  1383.681637    -1.8617    -0.1483
  7951.3  1383.706051    -1.8177    -0.1492
  7945.9  1383.730465    -0.5116    -0.1501
  7940.5  1383.754879    -1.9556    -0.1510
  7935.0  1383.779293    -4.9944    -0.1519
  7929.6  1383.803707    -3.7872    -0.1529
  7924.2  1383.828122    -1.0010    -0.1540
  7918.7  1383.852536    -1.2597    -0.1550
  7913.3  1383.876950    -2.5951    -0.1561
  7907.9  1383.901364    -0.8810    -0.1573
  7902.5  1383.925778     2.7914    -0.1585
  7897.0  1383.950192     3.4146    -0.1597
  7891.6  1383.974606     1.8257    -0.1610
  7886.2  1383.999020     1.3090    -0.1623
  7880.8  1384.023434     2.1653    -0.1637
  7875.3  1384.047848     3.1516    -0.1651
  7869.9  1384.072262     2.9116    -0.1665
  7864.5  1384.096676     2.6389    -0.1680
  7859.0  1384.121090     0.9598    -0.1696
  7853.6  1384.145504    -2.5695    -0.1711
  7848.2  1384.169918    -4.5152    -0.1728
  7842.8  1384.194332    -2.5716    -0.1744
  7837.3  1384.218747     1.9713    -0.1761
  7831.9  1384.243161     2.9336    -0.1779
  7826.5  1384.267575     0.2834    -0.1797
  7821.1  1384.291989     2.1783    -0.1815
  7815.6  1384.316403     5.2537    -0.1834
  7810.2  1384.340817     4.7693    -0.1854
  7804.8  1384.365231     0.8337    -0.1874
  7799.4  1384.389645    -1.5196    -0.1894
  7793.9  1384.414059    -0.6652    -0.1915
  7788.5  1384.438473     1.3861    -0.1936
  7783.1  1384.462887     2.4497    -0.1958
  7777.7  1384.487301     2.0978    -0.1981
  7772.2  1384.511715     2.6491    -0.2004
  7766.8  1384.536129     2.0771    -0.2027
  7761.4  1384.560543    -0.8183    -0.2051
  7756.0  1384.584957    -1.7529    -0.2075
  7750.6  1384.609372    -0.8893    -0.2100
  7745.1  1384.633786     0.0306    -0.2125
  7739.7  1384.658200     2.9453    -0.2151
  7734.3  1384.682614     4.3666    -0.2178
  7728.9  1384.707028     0.1470    -0.2205
  7723.4  1384.731442    -1.9732    -0.2232
  7718.0  1384.755856     0.2431    -0.2260
  7712.6  1384.780270     0.1022    -0.2289
  7707.2  1384.804684    -2.0586    -0.2318
  7701.8  1384.829098     0.0530    -0.2348
  7696.3  1384.853512     5.0288    -0.2378
  7690.9  1384.877926     5.6304    -0.2409
  7685.5  1384.902340     4.7662    -0.2440
  7680.1  1384.926754     4.5921    -0.2472
  7674.7  1384.951168     2.8608    -0.2505
  7669.2  1384.975582    -0.7235    -0.2538
  7663.8  1384.999997    -1.8240    -0.2571
  7658.4  1385.024411    -0.8374    -0.2606
  7653.0  1385.048825    -1.2009    -0.2641
  7647.6  1385.073239    -1.6939    -0.2676
  7642.1  1385.097653    -1.8852    -0.2712
  7636.7  1385.122067    -2.4006    -0.2749
  7631.3  1385.146481    -1.6831    -0.2786
  7625.9  1385.170895     0.7596    -0.2824
  7620.5  1385.195309     1.9768    -0.2862
  7615.0  1385.219723    -0.7235    -0.2901
  7609.6  1385.244137    -1.6680    -0.2941
  7604.2  1385.268551    -0.7762    -0.2981
  7598.8  1385.292965    -2.8195    -0.3022
  7593.4  1385.317379    -3.8967    -0.3064
  7588.0  1385.341793    -2.7459    -0.3106
  7582.5  1385.366207    -0.7998    -0.3149
  7577.1  1385.390622     2.0263    -0.3193
  7571.7  1385.415036     2.0428    -0.3237
  7566.3  1385.439450    -0.4683    -0.3282
  7560.9  1385.463864    -1.8238    -0.3327
  7555.5  1385.488278    -4.2581    -0.3373
  7550.0  1385.512692    -5.8691    -0.3420
  7544.6  1385.537106    -1.2621    -0.3468
  7539.2  1385.561520     4.1370    -0.3516
  7533.8  1385.585934     3.2299    -0.3565
  7528.4  1385.610348    -0.4688    -0.3614
  7523.0  1385.634762    -1.1208    -0.3664
  7517.6  1385.659176    -1.8215    -0.3715
  7512.1  1385.683590    -3.4360    -0.3767
  7506.7  1385.708004    -3.8131    -0.3819
  7501.3  1385.732418     0.2192    -0.3872
  7495.9  1385.756832     2.0808    -0.3926
  7490.5  1385.781247    -1.2195    -0.3981
  7485.1  1385.805661    -1.0772    -0.4036
  7479.7  1385.830075    -0.4191    -0.4092
  7474.2  1385.854489    -1.3550    -0.4148
  7468.8  1385.878903    -0.5408    -0.4206
  7463.4  1385.903317     0.5858    -0.4264
  7458.0  1385.927731     1.7198    -0.4323
  7452.6  1385.952145     1.9789    -0.4383
  7447.2  1385.976559    -1.2645    -0.4443
  7441.8  1386.000973    -2.9229    -0.4504
  7436.4  1386.025387     0.8130    -0.4566
  7430.9  1386.049801     1.6338    -0.4629
  7425.5  1386.074215     0.3361    -0.4692
  7420.1  1386.098629     0.1101    -0.4757
  7414.7  1386.123043     0.5515    -0.4822
  7409.3  1386.147457     2.0558    -0.4887
  7403.9  1386.171872     2.1593    -0.4954
  7398.5  1386.196286     2.3021    -0.5021
  7393.1  1386.220700     2.1414    -0.5090
  7387.7  1386.245114    -0.5779    -0.5159
  7382.2  1386.269528    -1.9550    -0.5229
  7376.8  1386.293942     1.3445    -0.5299
  7371.4  1386.318356     2.2786    -0.5371
  7366.0  1386.342770    -1.7861    -0.5443
  7360.6  1386.367184    -5.7754    -0.5516
  7355.2  1386.391598    -4.2546    -0.5590
  7349.8  1386.416012    -0.0559    -0.5665
  7344.4  1386.440426     1.0321    -0.5741
  7339.0  1386.464840     0.2498    -0.5817
  7333.6  1386.489254    -3.0575    -0.5894
  7328.2  1386.513668    -4.3058    -0.5973
  7322.8  1386.538082    -1.0760    -0.6052
  7317.3  1386.562497    -1.4305    -0.6132
  7311.9  1386.586911    -4.6549    -0.6212
  7306.5  1386.611325    -2.3200    -0.6294
  7301.1  1386.635739     1.1925    -0.6377
  7295.7  1386.660153     1.3784    -0.6460
  7290.3  1386.684567     0.8668    -0.6545
  7284.9  1386.708981     2.3146    -0.6630
  7279.5  1386.733395     2.6539    -0.6716
  7274.1  1386.757809     1.3533    -0.6803
  7268.7  1386.782223     1.7819    -0.6891
  7263.3  1386.806637     1.1342    -0.6980
  7257.9  1386.831051     1.3872    -0.7070
  7252.5  1386.855465     2.4091    -0.7161
  7247.1  1386.879879     1.0631    -0.7252
  7241.7  1386.904293    -0.9089    -0.7345
  7236.3  1386.928707    -0.8034    -0.7439
  7230.8  1386.953122    -0.7436    -0.7533
  7225.4  1386.977536    -5.8547    -0.7629
  7220.0  1387.001950    -8.0265    -0.7725
  7214.6  1387.026364    -3.6752    -0.7823
  7209.2  1387.050778     0.2159    -0.7921
  7203.8  1387.075192     2.5698    -0.8020
  7198.4  1387.099606     1.6503    -0.8121
